# m0=2.650000e+03
1.000000e-02 1.133197e+00 7.061798e+05
5.099500e-01 7.683203e-01 7.063466e+05
1.009900e+00 3.653505e-01 7.065307e+05
1.509850e+00 -8.453279e-02 7.067364e+05
2.009800e+00 -5.937893e-01 7.069691e+05
2.509750e+00 -1.180161e+00 7.072373e+05
3.009700e+00 -1.872758e+00 7.075537e+05
3.509650e+00 -2.717317e+00 7.079396e+05
4.009600e+00 -3.801886e+00 7.084351e+05
4.509550e+00 -5.321488e+00 7.091292e+05
5.009500e+00 -7.891802e+00 7.103029e+05
5.010000e+00 -7.895855e+00 7.103046e+05
5.014950e+00 -7.932525e+00 7.103213e+05
5.019900e+00 -7.969266e+00 7.103382e+05
5.024850e+00 -8.006953e+00 7.103553e+05
5.029800e+00 -8.044370e+00 7.103725e+05
5.034750e+00 -8.082901e+00 7.103899e+05
5.039700e+00 -8.121056e+00 7.104075e+05
5.044650e+00 -8.160375e+00 7.104253e+05
5.049600e+00 -8.199718e+00 7.104433e+05
5.054550e+00 -8.239498e+00 7.104614e+05
5.059500e+00 -8.279687e+00 7.104798e+05
5.064450e+00 -8.320349e+00 7.104983e+05
5.069400e+00 -8.361394e+00 7.105171e+05
5.074350e+00 -8.402929e+00 7.105360e+05
5.079300e+00 -8.444924e+00 7.105552e+05
5.084250e+00 -8.487118e+00 7.105746e+05
5.089200e+00 -8.530344e+00 7.105942e+05
5.094150e+00 -8.573836e+00 7.106140e+05
5.099100e+00 -8.617481e+00 7.106341e+05
5.104050e+00 -8.662271e+00 7.106544e+05
5.109000e+00 -8.706969e+00 7.106749e+05
5.113950e+00 -8.752845e+00 7.106957e+05
5.118900e+00 -8.798994e+00 7.107168e+05
5.123850e+00 -8.845698e+00 7.107381e+05
5.128800e+00 -8.892993e+00 7.107597e+05
5.133750e+00 -8.940610e+00 7.107816e+05
5.138700e+00 -8.989134e+00 7.108037e+05
5.143650e+00 -9.038594e+00 7.108261e+05
5.148600e+00 -9.088118e+00 7.108489e+05
5.153550e+00 -9.138620e+00 7.108719e+05
5.158500e+00 -9.189806e+00 7.108953e+05
5.163450e+00 -9.241711e+00 7.109190e+05
5.168400e+00 -9.294363e+00 7.109430e+05
5.173350e+00 -9.347722e+00 7.109674e+05
5.178300e+00 -9.401891e+00 7.109921e+05
5.183250e+00 -9.456886e+00 7.110171e+05
5.188200e+00 -9.512665e+00 7.110426e+05
5.193150e+00 -9.569273e+00 7.110684e+05
5.198100e+00 -9.626806e+00 7.110947e+05
5.203050e+00 -9.685194e+00 7.111213e+05
5.208000e+00 -9.744543e+00 7.111484e+05
5.212950e+00 -9.804862e+00 7.111760e+05
5.217900e+00 -9.866157e+00 7.112039e+05
5.222850e+00 -9.928506e+00 7.112324e+05
5.227800e+00 -9.991914e+00 7.112613e+05
5.232750e+00 -1.005643e+01 7.112908e+05
5.237700e+00 -1.012208e+01 7.113207e+05
5.242650e+00 -1.018891e+01 7.113512e+05
5.247600e+00 -1.025699e+01 7.113823e+05
5.252550e+00 -1.032633e+01 7.114139e+05
5.257500e+00 -1.039702e+01 7.114462e+05
5.262450e+00 -1.046908e+01 7.114790e+05
5.267400e+00 -1.054257e+01 7.115126e+05
5.272350e+00 -1.061757e+01 7.115468e+05
5.277300e+00 -1.069411e+01 7.115817e+05
5.282250e+00 -1.077230e+01 7.116174e+05
5.287200e+00 -1.085226e+01 7.116538e+05
5.292150e+00 -1.093385e+01 7.116911e+05
5.297100e+00 -1.101738e+01 7.117292e+05
5.302050e+00 -1.110285e+01 7.117682e+05
5.307000e+00 -1.119038e+01 7.118081e+05
5.311950e+00 -1.128006e+01 7.118490e+05
5.316900e+00 -1.137198e+01 7.118909e+05
5.321850e+00 -1.146643e+01 7.119340e+05
5.326800e+00 -1.156321e+01 7.119782e+05
5.331750e+00 -1.166271e+01 7.120236e+05
5.336700e+00 -1.176500e+01 7.120702e+05
5.341650e+00 -1.187022e+01 7.121182e+05
5.346600e+00 -1.197866e+01 7.121678e+05
5.351550e+00 -1.209043e+01 7.122187e+05
5.356500e+00 -1.220580e+01 7.122714e+05
5.361450e+00 -1.232504e+01 7.123257e+05
5.366400e+00 -1.244838e+01 7.123820e+05
5.371350e+00 -1.257609e+01 7.124402e+05
5.376300e+00 -1.270851e+01 7.125007e+05
5.381250e+00 -1.284625e+01 7.125634e+05
5.386200e+00 -1.298943e+01 7.126287e+05
5.391150e+00 -1.313873e+01 7.126969e+05
5.396100e+00 -1.329463e+01 7.127680e+05
5.401050e+00 -1.345780e+01 7.128424e+05
5.406000e+00 -1.362900e+01 7.129205e+05
5.410950e+00 -1.380902e+01 7.130026e+05
5.415900e+00 -1.399910e+01 7.130893e+05
5.420850e+00 -1.420028e+01 7.131810e+05
5.425800e+00 -1.441416e+01 7.132785e+05
5.430750e+00 -1.464263e+01 7.133826e+05
5.435700e+00 -1.488763e+01 7.134944e+05
5.440650e+00 -1.515242e+01 7.136152e+05
5.445600e+00 -1.544053e+01 7.137466e+05
5.450550e+00 -1.575693e+01 7.138908e+05
5.455500e+00 -1.610870e+01 7.140511e+05
5.460450e+00 -1.650558e+01 7.142320e+05
5.465400e+00 -1.696336e+01 7.144408e+05
# 5.470350e+00 -1.762182e+01 7.146336e+05[ No convergence ]
5.475300e+00 -1.818661e+01 7.149983e+05
5.480250e+00 -1.912321e+01 7.154251e+05
# 5.485200e+00 -2.089669e+01 7.163392e+05[ No convergence ]
# 5.490150e+00 -2.896241e+01 7.181191e+05[ No convergence ]
# 5.495100e+00 -3.928925e+01 7.158180e+05[ No convergence ]
# 5.500050e+00 -2.178859e+01 7.164175e+05[ No convergence ]
# 5.505000e+00 -2.405193e+01 7.172733e+05[ No convergence ]
# 5.509950e+00 -2.295137e+01 7.171359e+05[ No convergence ]
# 5.514900e+00 -2.230767e+01 7.169322e+05[ No convergence ]
# 5.519850e+00 -2.187818e+01 7.164760e+05[ No convergence ]
# 5.524800e+00 -2.103243e+01 7.163776e+05[ No convergence ]
5.529750e+00 -2.048197e+01 7.160444e+05
# 5.534700e+00 -1.998322e+01 7.158010e+05[ No convergence ]
5.539650e+00 -1.949368e+01 7.155942e+05
# 5.544600e+00 -1.927481e+01 7.153054e+05[ No convergence ]
# 5.549550e+00 -1.885620e+01 7.151278e+05[ No convergence ]
5.554500e+00 -1.826629e+01 7.150347e+05
5.559450e+00 -1.791097e+01 7.148728e+05
# 5.564400e+00 -1.738977e+01 7.147329e+05[ No convergence ]
5.569350e+00 -1.726549e+01 7.145786e+05
# 5.574300e+00 -1.693970e+01 7.145183e+05[ No convergence ]
5.579250e+00 -1.669312e+01 7.143177e+05
5.584200e+00 -1.642986e+01 7.141978e+05
5.589150e+00 -1.618039e+01 7.140840e+05
5.594100e+00 -1.594315e+01 7.139758e+05
5.599050e+00 -1.571727e+01 7.138728e+05
5.604000e+00 -1.550173e+01 7.137746e+05
5.608950e+00 -1.529576e+01 7.136807e+05
5.613900e+00 -1.509864e+01 7.135909e+05
5.618850e+00 -1.490953e+01 7.135046e+05
5.623800e+00 -1.472814e+01 7.134219e+05
5.628750e+00 -1.455366e+01 7.133424e+05
5.633700e+00 -1.438576e+01 7.132658e+05
5.638650e+00 -1.422394e+01 7.131920e+05
5.643600e+00 -1.406794e+01 7.131209e+05
5.648550e+00 -1.391714e+01 7.130521e+05
5.653500e+00 -1.377135e+01 7.129856e+05
5.658450e+00 -1.363017e+01 7.129213e+05
5.663400e+00 -1.349352e+01 7.128590e+05
5.668350e+00 -1.336105e+01 7.127986e+05
5.673300e+00 -1.323252e+01 7.127400e+05
5.678250e+00 -1.310769e+01 7.126831e+05
5.683200e+00 -1.298650e+01 7.126276e+05
5.688150e+00 -1.286851e+01 7.125739e+05
5.693100e+00 -1.275375e+01 7.125215e+05
5.698050e+00 -1.264201e+01 7.124706e+05
5.703000e+00 -1.253312e+01 7.124209e+05
5.707950e+00 -1.242697e+01 7.123725e+05
5.712900e+00 -1.232343e+01 7.123253e+05
5.717850e+00 -1.222237e+01 7.122792e+05
5.722800e+00 -1.212371e+01 7.122342e+05
5.727750e+00 -1.202726e+01 7.121903e+05
5.732700e+00 -1.193304e+01 7.121472e+05
5.737650e+00 -1.184085e+01 7.121052e+05
5.742600e+00 -1.175068e+01 7.120641e+05
5.747550e+00 -1.166242e+01 7.120238e+05
5.752500e+00 -1.157598e+01 7.119844e+05
5.757450e+00 -1.149132e+01 7.119458e+05
5.762400e+00 -1.140832e+01 7.119079e+05
5.767350e+00 -1.132701e+01 7.118708e+05
5.772300e+00 -1.124731e+01 7.118345e+05
5.777250e+00 -1.116903e+01 7.117988e+05
5.782200e+00 -1.109222e+01 7.117637e+05
5.787150e+00 -1.101686e+01 7.117294e+05
5.792100e+00 -1.094284e+01 7.116956e+05
5.797050e+00 -1.087014e+01 7.116625e+05
5.802000e+00 -1.079871e+01 7.116299e+05
5.806950e+00 -1.072849e+01 7.115979e+05
5.811900e+00 -1.065946e+01 7.115663e+05
5.816850e+00 -1.059158e+01 7.115354e+05
5.821800e+00 -1.052484e+01 7.115049e+05
5.826750e+00 -1.045914e+01 7.114750e+05
5.831700e+00 -1.039448e+01 7.114455e+05
5.836650e+00 -1.033083e+01 7.114164e+05
5.841600e+00 -1.026820e+01 7.113879e+05
5.846550e+00 -1.020650e+01 7.113597e+05
5.851500e+00 -1.014573e+01 7.113320e+05
5.856450e+00 -1.008585e+01 7.113047e+05
5.861400e+00 -1.002692e+01 7.112777e+05
5.866350e+00 -9.968698e+00 7.112513e+05
5.871300e+00 -9.911374e+00 7.112251e+05
5.876250e+00 -9.854849e+00 7.111993e+05
5.881200e+00 -9.799107e+00 7.111739e+05
5.886150e+00 -9.744127e+00 7.111488e+05
5.891100e+00 -9.689881e+00 7.111241e+05
5.896050e+00 -9.636346e+00 7.110997e+05
5.901000e+00 -9.583549e+00 7.110756e+05
5.905950e+00 -9.531398e+00 7.110518e+05
5.910900e+00 -9.479958e+00 7.110283e+05
5.915850e+00 -9.429146e+00 7.110051e+05
5.920800e+00 -9.378971e+00 7.109822e+05
5.925750e+00 -9.329417e+00 7.109596e+05
5.930700e+00 -9.280466e+00 7.109373e+05
5.935650e+00 -9.232111e+00 7.109152e+05
5.940600e+00 -9.184444e+00 7.108934e+05
5.945550e+00 -9.137308e+00 7.108719e+05
5.950500e+00 -9.090641e+00 7.108506e+05
5.955450e+00 -9.044521e+00 7.108296e+05
5.960400e+00 -8.998933e+00 7.108088e+05
5.965350e+00 -8.953852e+00 7.107882e+05
5.970300e+00 -8.909245e+00 7.107679e+05
5.975250e+00 -8.865195e+00 7.107477e+05
5.980200e+00 -8.821363e+00 7.107279e+05
5.985150e+00 -8.778470e+00 7.107082e+05
5.990100e+00 -8.735799e+00 7.106887e+05
5.995050e+00 -8.693567e+00 7.106694e+05
6.009400e+00 -8.573673e+00 7.106148e+05
6.509350e+00 -5.758493e+00 7.093303e+05
7.009300e+00 -4.144737e+00 7.085941e+05
7.509250e+00 -3.013241e+00 7.080780e+05
8.009200e+00 -2.142510e+00 7.076811e+05
8.509150e+00 -1.436003e+00 7.073590e+05
9.009100e+00 -8.419020e-01 7.070883e+05
9.509050e+00 -3.302105e-01 7.068551e+05
1.000900e+01 1.193424e-01 7.066504e+05
1.050895e+01 5.196975e-01 7.064682e+05
1.100890e+01 8.807486e-01 7.063042e+05
1.150885e+01 1.208129e+00 7.061553e+05
1.200880e+01 1.508408e+00 7.060189e+05
1.250875e+01 1.785190e+00 7.058933e+05
1.300870e+01 2.041756e+00 7.057769e+05
1.350865e+01 2.280657e+00 7.056687e+05
1.400860e+01 2.504075e+00 7.055675e+05
1.450855e+01 2.713790e+00 7.054726e+05
1.500850e+01 2.911231e+00 7.053834e+05
1.550845e+01 3.098061e+00 7.052991e+05
1.600840e+01 3.274306e+00 7.052195e+05
1.650835e+01 3.441902e+00 7.051440e+05
1.700830e+01 3.601357e+00 7.050722e+05
1.750825e+01 3.753715e+00 7.050038e+05
1.800820e+01 3.898556e+00 7.049387e+05
1.850815e+01 4.037835e+00 7.048764e+05
1.900810e+01 4.170652e+00 7.048167e+05
1.950805e+01 4.298557e+00 7.047595e+05
2.000800e+01 4.421412e+00 7.047047e+05
2.050795e+01 4.539778e+00 7.046519e+05
2.100790e+01 4.653893e+00 7.046010e+05
2.150785e+01 4.764475e+00 7.045520e+05
2.200780e+01 4.870705e+00 7.045047e+05
2.250775e+01 4.973833e+00 7.044590e+05
2.300770e+01 5.073844e+00 7.044148e+05
2.350765e+01 5.170835e+00 7.043719e+05
2.400760e+01 5.265068e+00 7.043304e+05
2.450755e+01 5.357097e+00 7.042900e+05
2.500750e+01 5.446016e+00 7.042509e+05
2.550745e+01 5.533000e+00 7.042127e+05
2.600740e+01 5.617921e+00 7.041756e+05
2.650735e+01 5.701153e+00 7.041392e+05
2.700730e+01 5.783896e+00 7.041031e+05
2.750725e+01 5.865644e+00 7.040674e+05
2.800720e+01 5.946284e+00 7.040323e+05
2.850715e+01 6.025786e+00 7.039977e+05
2.900710e+01 6.104202e+00 7.039636e+05
2.950705e+01 6.181506e+00 7.039301e+05
3.000700e+01 6.257787e+00 7.038971e+05
3.050695e+01 6.333102e+00 7.038645e+05
3.100690e+01 6.407488e+00 7.038324e+05
3.150685e+01 6.480979e+00 7.038008e+05
3.200680e+01 6.553620e+00 7.037695e+05
3.250675e+01 6.625528e+00 7.037386e+05
3.300670e+01 6.696696e+00 7.037081e+05
3.350665e+01 6.767126e+00 7.036780e+05
3.400660e+01 6.836975e+00 7.036482e+05
3.450655e+01 6.906139e+00 7.036186e+05
3.500650e+01 6.974783e+00 7.035894e+05
3.550645e+01 7.042910e+00 7.035605e+05
3.600640e+01 7.111009e+00 7.035318e+05
3.650635e+01 7.177752e+00 7.035033e+05
3.700630e+01 7.236884e+00 7.034785e+05
3.750625e+01 7.299814e+00 7.034519e+05
3.800620e+01 7.363161e+00 7.034253e+05
3.850615e+01 7.426627e+00 7.033986e+05
3.900610e+01 7.490465e+00 7.033720e+05
3.950605e+01 7.553273e+00 7.033455e+05
4.000600e+01 7.616454e+00 7.033191e+05
4.050595e+01 7.679552e+00 7.032927e+05
4.100590e+01 7.742550e+00 7.032664e+05
4.150585e+01 7.805497e+00 7.032402e+05
4.200580e+01 7.868321e+00 7.032140e+05
4.250575e+01 7.931587e+00 7.031879e+05
4.300570e+01 7.993930e+00 7.031619e+05
4.350565e+01 8.056692e+00 7.031358e+05
4.400560e+01 8.119469e+00 7.031099e+05
4.450555e+01 8.182287e+00 7.030839e+05
4.500550e+01 8.245141e+00 7.030579e+05
4.550545e+01 8.308031e+00 7.030319e+05
4.600540e+01 8.371081e+00 7.030060e+05
4.650535e+01 8.434669e+00 7.029800e+05
4.700530e+01 8.497366e+00 7.029539e+05
4.750525e+01 8.560739e+00 7.029279e+05
4.800520e+01 8.624211e+00 7.029018e+05
4.850515e+01 8.687856e+00 7.028757e+05
4.900510e+01 8.752199e+00 7.028495e+05
4.950505e+01 8.815686e+00 7.028233e+05
5.000000e+01 8.879321e+00 7.027973e+05
5.000500e+01 8.879945e+00 7.027970e+05
5.000750e+01 8.880271e+00 7.027969e+05
5.001500e+01 8.881266e+00 7.027965e+05
5.002250e+01 8.882169e+00 7.027961e+05
5.003000e+01 8.883174e+00 7.027957e+05
5.003750e+01 8.884612e+00 7.027953e+05
5.004500e+01 8.885091e+00 7.027949e+05
5.005250e+01 8.886059e+00 7.027945e+05
5.006000e+01 8.887024e+00 7.027941e+05
5.006750e+01 8.888001e+00 7.027937e+05
5.007500e+01 8.888957e+00 7.027933e+05
5.008250e+01 8.889921e+00 7.027929e+05
5.009000e+01 8.890887e+00 7.027925e+05
5.009750e+01 8.891901e+00 7.027921e+05
5.010500e+01 8.892830e+00 7.027917e+05
5.011250e+01 8.893785e+00 7.027914e+05
5.012000e+01 8.895263e+00 7.027910e+05
5.012750e+01 8.895688e+00 7.027905e+05
5.013500e+01 8.896682e+00 7.027902e+05
5.014250e+01 8.897700e+00 7.027898e+05
5.015000e+01 8.898613e+00 7.027894e+05
5.015750e+01 8.899585e+00 7.027890e+05
5.016500e+01 8.900581e+00 7.027886e+05
5.017250e+01 8.901489e+00 7.027882e+05
5.018000e+01 8.902591e+00 7.027878e+05
5.018750e+01 8.903456e+00 7.027874e+05
5.019500e+01 8.904925e+00 7.027870e+05
5.020250e+01 8.905891e+00 7.027866e+05
5.021000e+01 8.906355e+00 7.027862e+05
5.021750e+01 8.907345e+00 7.027858e+05
5.022500e+01 8.908277e+00 7.027854e+05
5.023250e+01 8.909228e+00 7.027850e+05
5.024000e+01 8.910211e+00 7.027846e+05
5.024750e+01 8.911178e+00 7.027842e+05
5.025500e+01 8.912229e+00 7.027838e+05
5.026250e+01 8.913112e+00 7.027834e+05
5.027000e+01 8.914083e+00 7.027831e+05
5.027750e+01 8.915600e+00 7.027827e+05
5.028500e+01 8.916010e+00 7.027823e+05
5.029250e+01 8.916978e+00 7.027819e+05
5.030000e+01 8.917946e+00 7.027815e+05
5.030750e+01 8.918915e+00 7.027811e+05
5.031500e+01 8.919885e+00 7.027807e+05
5.032250e+01 8.920901e+00 7.027803e+05
5.033000e+01 8.921834e+00 7.027799e+05
5.033750e+01 8.922785e+00 7.027795e+05
5.034500e+01 8.924265e+00 7.027791e+05
5.035250e+01 8.924691e+00 7.027787e+05
5.036000e+01 8.926200e+00 7.027783e+05
5.036750e+01 8.926692e+00 7.027779e+05
5.037500e+01 8.927621e+00 7.027775e+05
5.038250e+01 8.928588e+00 7.027771e+05
5.039000e+01 8.929557e+00 7.027767e+05
5.039750e+01 8.930525e+00 7.027763e+05
5.040500e+01 8.931494e+00 7.027759e+05
5.041250e+01 8.932432e+00 7.027755e+05
5.042000e+01 8.933428e+00 7.027751e+05
5.042750e+01 8.934407e+00 7.027747e+05
5.043500e+01 8.935410e+00 7.027743e+05
5.044250e+01 8.936332e+00 7.027739e+05
5.045000e+01 8.937817e+00 7.027736e+05
5.045750e+01 8.938275e+00 7.027732e+05
5.046500e+01 8.939237e+00 7.027728e+05
5.047250e+01 8.940250e+00 7.027724e+05
5.048000e+01 8.941177e+00 7.027720e+05
5.048750e+01 8.942676e+00 7.027716e+05
5.049500e+01 8.943228e+00 7.027712e+05
5.050250e+01 8.944596e+00 7.027708e+05
5.051000e+01 8.945084e+00 7.027704e+05
5.051750e+01 8.946027e+00 7.027700e+05
5.052500e+01 8.947049e+00 7.027696e+05
5.053250e+01 8.947999e+00 7.027692e+05
5.054000e+01 8.949439e+00 7.027688e+05
5.054750e+01 8.949902e+00 7.027684e+05
5.055500e+01 8.950864e+00 7.027680e+05
5.056250e+01 8.951839e+00 7.027676e+05
5.057000e+01 8.952797e+00 7.027672e+05
5.057750e+01 8.953767e+00 7.027668e+05
5.058500e+01 8.955259e+00 7.027664e+05
5.059250e+01 8.955716e+00 7.027660e+05
5.060000e+01 8.957191e+00 7.027656e+05
5.060750e+01 8.957682e+00 7.027652e+05
5.061500e+01 8.958647e+00 7.027648e+05
5.062250e+01 8.959593e+00 7.027644e+05
5.063000e+01 8.960598e+00 7.027640e+05
5.063750e+01 8.961520e+00 7.027636e+05
5.064500e+01 8.962491e+00 7.027632e+05
5.065250e+01 8.963492e+00 7.027628e+05
5.066000e+01 8.964430e+00 7.027624e+05
5.066750e+01 8.965406e+00 7.027621e+05
5.067500e+01 8.966520e+00 7.027616e+05
5.068250e+01 8.967373e+00 7.027613e+05
5.069000e+01 8.968316e+00 7.027609e+05
5.069750e+01 8.969313e+00 7.027605e+05
5.070500e+01 8.970283e+00 7.027601e+05
5.071250e+01 8.971253e+00 7.027597e+05
5.072000e+01 8.972195e+00 7.027593e+05
5.072750e+01 8.973158e+00 7.027589e+05
5.073500e+01 8.974243e+00 7.027585e+05
5.074250e+01 8.975652e+00 7.027581e+05
5.075000e+01 8.976587e+00 7.027577e+05
5.075750e+01 8.977039e+00 7.027573e+05
5.076500e+01 8.978045e+00 7.027569e+05
5.077250e+01 8.979499e+00 7.027565e+05
5.078000e+01 8.979986e+00 7.027561e+05
5.078750e+01 8.980921e+00 7.027557e+05
5.079500e+01 8.981894e+00 7.027553e+05
5.080250e+01 8.982862e+00 7.027549e+05
5.081000e+01 8.983947e+00 7.027545e+05
5.081750e+01 8.984803e+00 7.027541e+05
5.082500e+01 8.986332e+00 7.027537e+05
5.083250e+01 8.986745e+00 7.027533e+05
5.084000e+01 8.987752e+00 7.027529e+05
5.084750e+01 8.988734e+00 7.027525e+05
5.085500e+01 8.989705e+00 7.027521e+05
5.086250e+01 8.990630e+00 7.027517e+05
5.087000e+01 8.992156e+00 7.027513e+05
5.087750e+01 8.993092e+00 7.027510e+05
5.088500e+01 8.993590e+00 7.027505e+05
5.089250e+01 8.995007e+00 7.027502e+05
5.090000e+01 8.995521e+00 7.027497e+05
5.090750e+01 8.996470e+00 7.027494e+05
5.091500e+01 8.997464e+00 7.027490e+05
5.092250e+01 8.998420e+00 7.027486e+05
5.093000e+01 8.999891e+00 7.027482e+05
5.093750e+01 9.000495e+00 7.027478e+05
5.094500e+01 9.001326e+00 7.027474e+05
5.095250e+01 9.002300e+00 7.027470e+05
5.096000e+01 9.003815e+00 7.027466e+05
5.096750e+01 9.004241e+00 7.027462e+05
5.097500e+01 9.005237e+00 7.027458e+05
5.098250e+01 9.006694e+00 7.027454e+05
5.099000e+01 9.007181e+00 7.027450e+05
5.099750e+01 9.008640e+00 7.027446e+05
5.100500e+01 9.009126e+00 7.027442e+05
5.101250e+01 9.010098e+00 7.027438e+05
5.102000e+01 9.011035e+00 7.027434e+05
5.102750e+01 9.012042e+00 7.027430e+05
5.103500e+01 9.013017e+00 7.027426e+05
5.104250e+01 9.013962e+00 7.027422e+05
5.105000e+01 9.014921e+00 7.027418e+05
5.105750e+01 9.015900e+00 7.027414e+05
5.106500e+01 9.016869e+00 7.027410e+05
5.107250e+01 9.017846e+00 7.027406e+05
5.108000e+01 9.018910e+00 7.027402e+05
5.108750e+01 9.019788e+00 7.027398e+05
5.109500e+01 9.020778e+00 7.027394e+05
5.110250e+01 9.022227e+00 7.027390e+05
5.111000e+01 9.022740e+00 7.027386e+05
5.111750e+01 9.023683e+00 7.027382e+05
5.112500e+01 9.024658e+00 7.027378e+05
5.113250e+01 9.026114e+00 7.027375e+05
5.114000e+01 9.026596e+00 7.027370e+05
5.114750e+01 9.027570e+00 7.027366e+05
5.115500e+01 9.028655e+00 7.027362e+05
5.116250e+01 9.030155e+00 7.027359e+05
5.117000e+01 9.031227e+00 7.027355e+05
5.117750e+01 8.983208e+00 7.027584e+05
5.118500e+01 8.962479e+00 7.027683e+05
5.119250e+01 8.947088e+00 7.027757e+05
5.120000e+01 8.934348e+00 7.027818e+05
5.120750e+01 8.923246e+00 7.027872e+05
5.121500e+01 8.913366e+00 7.027920e+05
5.122250e+01 8.904374e+00 7.027964e+05
5.123000e+01 8.895906e+00 7.028004e+05
5.123750e+01 8.888256e+00 7.028042e+05
5.124500e+01 8.880970e+00 7.028077e+05
5.125250e+01 8.874091e+00 7.028111e+05
5.126000e+01 8.867564e+00 7.028143e+05
5.126750e+01 8.861337e+00 7.028173e+05
5.127500e+01 8.855404e+00 7.028202e+05
5.128250e+01 8.820597e+00 7.028361e+05
5.129000e+01 8.844177e+00 7.028257e+05
5.129750e+01 8.838851e+00 7.028283e+05
5.130500e+01 8.833765e+00 7.028308e+05
5.131250e+01 8.828814e+00 7.028332e+05
5.132000e+01 8.824015e+00 7.028356e+05
5.132750e+01 8.819361e+00 7.028379e+05
5.133500e+01 8.814806e+00 7.028401e+05
5.134250e+01 8.810425e+00 7.028423e+05
5.135000e+01 8.806111e+00 7.028444e+05
5.135750e+01 8.801949e+00 7.028465e+05
5.136500e+01 8.797877e+00 7.028485e+05
5.137250e+01 8.794039e+00 7.028505e+05
5.138000e+01 8.789981e+00 7.028524e+05
5.138750e+01 8.786166e+00 7.028543e+05
5.139500e+01 8.782404e+00 7.028561e+05
5.140250e+01 8.778739e+00 7.028579e+05
5.141000e+01 8.775362e+00 7.028597e+05
5.141750e+01 8.771819e+00 7.028615e+05
5.142500e+01 8.768243e+00 7.028632e+05
5.143250e+01 8.764823e+00 7.028649e+05
5.144000e+01 8.761506e+00 7.028665e+05
5.144750e+01 8.758419e+00 7.028682e+05
5.145500e+01 8.755007e+00 7.028698e+05
5.146250e+01 8.751853e+00 7.028714e+05
5.147000e+01 8.748734e+00 7.028729e+05
5.147750e+01 8.745676e+00 7.028745e+05
5.148500e+01 8.742662e+00 7.028760e+05
5.149250e+01 8.739720e+00 7.028774e+05
5.150485e+01 8.734904e+00 7.028798e+05
5.200480e+01 8.598665e+00 7.029496e+05
5.250475e+01 8.514270e+00 7.029944e+05
5.300470e+01 8.453763e+00 7.030281e+05
5.350465e+01 8.406426e+00 7.030552e+05
5.400460e+01 8.368803e+00 7.030779e+05
5.450455e+01 8.338003e+00 7.030973e+05
5.500450e+01 8.312630e+00 7.031143e+05
5.550445e+01 8.291330e+00 7.031293e+05
5.600440e+01 8.273571e+00 7.031426e+05
5.650435e+01 8.258757e+00 7.031546e+05
5.700430e+01 8.246456e+00 7.031654e+05
5.750425e+01 8.236332e+00 7.031752e+05
5.800420e+01 8.228178e+00 7.031841e+05
5.850415e+01 7.871388e+00 7.033597e+05
5.900410e+01 7.704552e+00 7.034445e+05
5.950405e+01 7.575358e+00 7.035113e+05
6.000400e+01 7.464993e+00 7.035692e+05
6.050395e+01 7.366414e+00 7.036215e+05
6.100390e+01 7.266392e+00 7.036742e+05
6.150385e+01 7.178154e+00 7.037215e+05
6.200380e+01 7.095743e+00 7.037661e+05
6.250375e+01 7.017752e+00 7.038086e+05
6.300370e+01 6.943433e+00 7.038495e+05
6.350365e+01 6.871872e+00 7.038890e+05
6.400360e+01 6.803402e+00 7.039273e+05
6.450355e+01 6.736231e+00 7.039647e+05
6.500350e+01 6.671434e+00 7.040012e+05
6.550345e+01 6.608144e+00 7.040369e+05
6.600340e+01 6.546396e+00 7.040720e+05
6.650335e+01 6.485931e+00 7.041065e+05
6.700330e+01 6.426615e+00 7.041405e+05
6.750325e+01 6.368390e+00 7.041741e+05
6.800320e+01 6.311127e+00 7.042073e+05
6.850315e+01 6.255022e+00 7.042400e+05
6.900310e+01 6.198931e+00 7.042725e+05
6.950305e+01 6.143929e+00 7.043047e+05
7.000300e+01 6.089573e+00 7.043366e+05
7.050295e+01 6.035773e+00 7.043682e+05
7.100290e+01 5.982511e+00 7.043997e+05
7.150285e+01 5.930043e+00 7.044310e+05
7.200280e+01 5.877421e+00 7.044621e+05
7.250275e+01 5.825799e+00 7.044930e+05
7.300270e+01 5.774252e+00 7.045238e+05
7.350265e+01 5.722758e+00 7.045545e+05
7.400260e+01 5.671870e+00 7.045851e+05
7.450255e+01 5.621564e+00 7.046156e+05
7.500250e+01 5.570905e+00 7.046460e+05
7.550245e+01 5.520839e+00 7.046764e+05
7.600240e+01 5.470994e+00 7.047067e+05
7.650235e+01 5.421588e+00 7.047369e+05
7.700230e+01 5.371813e+00 7.047671e+05
7.750225e+01 5.322519e+00 7.047972e+05
7.800220e+01 5.273573e+00 7.048272e+05
7.850215e+01 5.225263e+00 7.048570e+05
7.900210e+01 5.177641e+00 7.048865e+05
7.950205e+01 5.129799e+00 7.049160e+05
8.000200e+01 5.082731e+00 7.049454e+05
8.050195e+01 5.035356e+00 7.049748e+05
8.100190e+01 4.988496e+00 7.050041e+05
8.150185e+01 4.941815e+00 7.050333e+05
8.200180e+01 4.895404e+00 7.050625e+05
8.250175e+01 4.848965e+00 7.050916e+05
8.300170e+01 4.802769e+00 7.051208e+05
8.350165e+01 4.756650e+00 7.051499e+05
8.400160e+01 4.710726e+00 7.051790e+05
8.450155e+01 4.664884e+00 7.052081e+05
8.500150e+01 4.619087e+00 7.052372e+05
8.550145e+01 4.573402e+00 7.052663e+05
8.600140e+01 4.527820e+00 7.052954e+05
8.650135e+01 4.482249e+00 7.053245e+05
8.700130e+01 4.436769e+00 7.053536e+05
8.750125e+01 4.391354e+00 7.053828e+05
8.800120e+01 4.345945e+00 7.054120e+05
8.850115e+01 4.300613e+00 7.054412e+05
8.900110e+01 4.255335e+00 7.054704e+05
8.950105e+01 4.209975e+00 7.054997e+05
9.000100e+01 4.164724e+00 7.055290e+05
9.050095e+01 4.119890e+00 7.055583e+05
9.100090e+01 4.074640e+00 7.055877e+05
9.150085e+01 4.028955e+00 7.056171e+05
9.200080e+01 3.983727e+00 7.056465e+05
9.250075e+01 3.938471e+00 7.056761e+05
9.300070e+01 3.893501e+00 7.057056e+05
9.350065e+01 3.848207e+00 7.057352e+05
9.400060e+01 3.802957e+00 7.057649e+05
9.450055e+01 3.757373e+00 7.057946e+05
9.500050e+01 3.712045e+00 7.058243e+05
9.550045e+01 3.666711e+00 7.058542e+05
9.600040e+01 3.621331e+00 7.058840e+05
9.650035e+01 3.575953e+00 7.059140e+05
9.700030e+01 3.530496e+00 7.059440e+05
9.750025e+01 3.485024e+00 7.059740e+05
9.800020e+01 3.439486e+00 7.060041e+05
9.850015e+01 3.393970e+00 7.060343e+05
9.900010e+01 3.348370e+00 7.060646e+05
9.950005e+01 3.302733e+00 7.060949e+05






