# m0=3.300000e+03 mt=1.735000e+02 a_s(M_Z)=1.187000e-01 mb(mb)=4.180000e+00
# m12=3.000000e+02 a0=0.000000e+00 tanb=1.000000e+01
# mu(MSUSY)    MZ          (MZ:P/E^2)   MW(MW)      mch(1)         mneut(1)      mneut(2)     PIZZT(MZ)    PIWWT(0)      PIWWT(MW)    g1(MZ)       g2(MZ)       g3(MZ)       t1/v1        t2/v2
1.000000e-01 -8.612178e+00
4.098000e+00 -8.618797e+00
8.096000e+00 -8.633824e+00
1.209400e+01 -8.657257e+00
1.609200e+01 -8.689091e+00
2.009000e+01 -8.729321e+00
2.408800e+01 -8.777944e+00
2.808600e+01 -8.834953e+00
3.208400e+01 -8.900343e+00
3.608200e+01 -8.974109e+00
4.008000e+01 -9.056245e+00
4.407800e+01 -9.146746e+00
4.807600e+01 -9.245606e+00
5.207400e+01 -9.352821e+00
5.607200e+01 -9.468386e+00
6.007000e+01 -9.592295e+00
6.406800e+01 -9.724544e+00
6.806600e+01 -9.865129e+00
7.206400e+01 -1.001404e+01
7.606200e+01 -1.017129e+01
8.006000e+01 -1.033685e+01
8.405800e+01 -1.051073e+01
8.805600e+01 -1.069292e+01
9.205400e+01 -1.088342e+01
9.605200e+01 -1.108223e+01
1.000500e+02 -1.128933e+01
1.040480e+02 -1.150473e+01
1.080460e+02 -1.172842e+01
1.120440e+02 -1.196040e+01
1.160420e+02 -1.220066e+01
1.200400e+02 -1.244920e+01
1.240380e+02 -1.270601e+01
1.280360e+02 -1.297110e+01
1.320340e+02 -1.324445e+01
1.360320e+02 -1.352607e+01
1.400300e+02 -1.381594e+01
1.440280e+02 -1.411407e+01
1.480260e+02 -1.442045e+01
1.520240e+02 -1.473508e+01
1.560220e+02 -1.505795e+01
1.600200e+02 -1.538906e+01
1.640180e+02 -1.572840e+01
1.680160e+02 -1.607598e+01
1.720140e+02 -1.643179e+01
1.760120e+02 -1.679582e+01
1.800100e+02 -1.716808e+01
1.840080e+02 -1.754855e+01
1.880060e+02 -1.793723e+01
1.920040e+02 -1.833413e+01
1.960020e+02 -1.873923e+01
2.000000e+02 -1.915254e+01

# m0=3.300000e+03 mt=1.735000e+02 a_s(M_Z)=1.187000e-01 mb(mb)=4.180000e+00
# m12=3.000000e+02 a0=0.000000e+00 tanb=1.000000e+01
# mu(MSUSY)    MZ          (MZ:P/E^2)   MW(MW)      mch(1)         mneut(1)      mneut(2)     PIZZT(MZ)    PIWWT(0)      PIWWT(MW)    g1(MZ)       g2(MZ)       g3(MZ)       t1/v1        t2/v2
1.000000e-01 5.698458e-01
4.098000e+00 5.632106e-01
8.096000e+00 5.481632e-01
1.209400e+01 5.247072e-01
1.609200e+01 4.928462e-01
2.009000e+01 4.525847e-01
2.408800e+01 4.039278e-01
2.808600e+01 3.468808e-01
3.208400e+01 2.814494e-01
3.608200e+01 2.076391e-01
4.008000e+01 1.254551e-01
4.407800e+01 3.490300e-02
4.807600e+01 -6.401218e-02
5.207400e+01 -1.712853e-01
5.607200e+01 -2.869114e-01
6.007000e+01 -4.108856e-01
6.406800e+01 -5.432030e-01
6.806600e+01 -6.838590e-01
7.206400e+01 -8.328488e-01
7.606200e+01 -9.901678e-01
8.006000e+01 -1.155812e+00
8.405800e+01 -1.329776e+00
8.805600e+01 -1.512055e+00
9.205400e+01 -1.702646e+00
9.605200e+01 -1.901544e+00
1.000500e+02 -2.108745e+00
1.040480e+02 -2.324244e+00
1.080460e+02 -2.548038e+00
1.120440e+02 -2.780121e+00
1.160420e+02 -3.020491e+00
1.200400e+02 -3.269142e+00
1.240380e+02 -3.526071e+00
1.280360e+02 -3.791273e+00
1.320340e+02 -4.064745e+00
1.360320e+02 -4.346483e+00
1.400300e+02 -4.636483e+00
1.440280e+02 -4.934741e+00
1.480260e+02 -5.241252e+00
1.520240e+02 -5.556014e+00
1.560220e+02 -5.879022e+00
1.600200e+02 -6.210273e+00
1.640180e+02 -6.549762e+00
1.680160e+02 -6.897487e+00
1.720140e+02 -7.253443e+00
1.760120e+02 -7.617626e+00
1.800100e+02 -7.990034e+00
1.840080e+02 -8.370662e+00
1.880060e+02 -8.759507e+00
1.920040e+02 -9.156564e+00
1.960020e+02 -9.561832e+00
2.000000e+02 -9.975305e+00

# m0=3.300000e+03 mt=1.735000e+02 a_s(M_Z)=1.187000e-01 mb(mb)=4.180000e+00
# m12=3.000000e+02 a0=0.000000e+00 tanb=1.000000e+01
# mu(MSUSY)    MZ          (MZ:P/E^2)   MW(MW)      mch(1)         mneut(1)      mneut(2)     PIZZT(MZ)    PIWWT(0)      PIWWT(MW)    g1(MZ)       g2(MZ)       g3(MZ)       t1/v1        t2/v2
1.000000e-01 1.038655e+00
4.098000e+00 1.032018e+00
8.096000e+00 1.016969e+00
1.209400e+01 9.935113e-01
1.609200e+01 9.616477e-01
2.009000e+01 9.213832e-01
2.408800e+01 8.727227e-01
2.808600e+01 8.156718e-01
3.208400e+01 7.502358e-01
3.608200e+01 6.764204e-01
4.008000e+01 5.942310e-01
4.407800e+01 5.036728e-01
4.807600e+01 4.047511e-01
5.207400e+01 2.974709e-01
5.607200e+01 1.818373e-01
6.007000e+01 5.785508e-02
6.406800e+01 -7.447093e-02
6.806600e+01 -2.151360e-01
7.206400e+01 -3.641354e-01
7.606200e+01 -5.214646e-01
8.006000e+01 -6.871190e-01
8.405800e+01 -8.610941e-01
8.805600e+01 -1.043386e+00
9.205400e+01 -1.233989e+00
9.605200e+01 -1.432900e+00
1.000500e+02 -1.640114e+00
1.040480e+02 -1.855627e+00
1.080460e+02 -2.079435e+00
1.120440e+02 -2.311533e+00
1.160420e+02 -2.551918e+00
1.200400e+02 -2.800585e+00
1.240380e+02 -3.057530e+00
1.280360e+02 -3.322750e+00
1.320340e+02 -3.596240e+00
1.360320e+02 -3.877996e+00
1.400300e+02 -4.168014e+00
1.440280e+02 -4.466291e+00
1.480260e+02 -4.772823e+00
1.520240e+02 -5.087605e+00
1.560220e+02 -5.410634e+00
1.600200e+02 -5.741906e+00
1.640180e+02 -6.081417e+00
1.680160e+02 -6.429164e+00
1.720140e+02 -6.785143e+00
1.760120e+02 -7.149351e+00
1.800100e+02 -7.521783e+00
1.840080e+02 -7.902435e+00
1.880060e+02 -8.291305e+00
1.920040e+02 -8.688389e+00
1.960020e+02 -9.093683e+00
2.000000e+02 -9.507183e+00

# m0=3.300000e+03 mt=1.735000e+02 a_s(M_Z)=1.187000e-01 mb(mb)=4.180000e+00
# m12=3.000000e+02 a0=0.000000e+00 tanb=1.000000e+01
# mu(MSUSY)    MZ          (MZ:P/E^2)   MW(MW)      mch(1)         mneut(1)      mneut(2)     PIZZT(MZ)    PIWWT(0)      PIWWT(MW)    g1(MZ)       g2(MZ)       g3(MZ)       t1/v1        t2/v2
1.000000e-01 -1.685970e+00
4.098000e+00 -1.692603e+00
8.096000e+00 -1.707648e+00
1.209400e+01 -1.731101e+00
1.609200e+01 -1.762959e+00
2.009000e+01 -1.803218e+00
2.408800e+01 -1.851872e+00
2.808600e+01 -1.908916e+00
3.208400e+01 -1.974345e+00
3.608200e+01 -2.048152e+00
4.008000e+01 -2.130334e+00
4.407800e+01 -2.220883e+00
4.807600e+01 -2.319796e+00
5.207400e+01 -2.427067e+00
5.607200e+01 -2.542691e+00
6.007000e+01 -2.666663e+00
6.406800e+01 -2.798978e+00
6.806600e+01 -2.939633e+00
7.206400e+01 -3.088621e+00
7.606200e+01 -3.245939e+00
8.006000e+01 -3.411581e+00
8.405800e+01 -3.585544e+00
8.805600e+01 -3.767823e+00
9.205400e+01 -3.958414e+00
9.605200e+01 -4.157312e+00
1.000500e+02 -4.364513e+00
1.040480e+02 -4.580013e+00
1.080460e+02 -4.803807e+00
1.120440e+02 -5.035891e+00
1.160420e+02 -5.276262e+00
1.200400e+02 -5.524915e+00
1.240380e+02 -5.781846e+00
1.280360e+02 -6.047051e+00
1.320340e+02 -6.320526e+00
1.360320e+02 -6.602267e+00
1.400300e+02 -6.892270e+00
1.440280e+02 -7.190532e+00
1.480260e+02 -7.497048e+00
1.520240e+02 -7.811815e+00
1.560220e+02 -8.134828e+00
1.600200e+02 -8.466084e+00
1.640180e+02 -8.805580e+00
1.680160e+02 -9.153311e+00
1.720140e+02 -9.509274e+00
1.760120e+02 -9.873465e+00
1.800100e+02 -1.024588e+01
1.840080e+02 -1.062652e+01
1.880060e+02 -1.101537e+01
1.920040e+02 -1.141244e+01
1.960020e+02 -1.181771e+01
2.000000e+02 -1.223120e+01

# m0=3.300000e+03 mt=1.735000e+02 a_s(M_Z)=1.187000e-01 mb(mb)=4.180000e+00
# m12=3.000000e+02 a0=0.000000e+00 tanb=1.000000e+01
# mu(MSUSY)    MZ          (MZ:P/E^2)   MW(MW)      mch(1)         mneut(1)      mneut(2)     PIZZT(MZ)    PIWWT(0)      PIWWT(MW)    g1(MZ)       g2(MZ)       g3(MZ)       t1/v1        t2/v2
1.000000e-01 -3.666841e+00
4.098000e+00 -3.673473e+00
8.096000e+00 -3.688518e+00
1.209400e+01 -3.711972e+00
1.609200e+01 -3.743831e+00
2.009000e+01 -3.784092e+00
2.408800e+01 -3.832748e+00
2.808600e+01 -3.889794e+00
3.208400e+01 -3.955226e+00
3.608200e+01 -4.029037e+00
4.008000e+01 -4.111222e+00
4.407800e+01 -4.201776e+00
4.807600e+01 -4.300693e+00
5.207400e+01 -4.407969e+00
5.607200e+01 -4.523599e+00
6.007000e+01 -4.647577e+00
6.406800e+01 -4.779899e+00
6.806600e+01 -4.920560e+00
7.206400e+01 -5.069556e+00
7.606200e+01 -5.226882e+00
8.006000e+01 -5.392533e+00
8.405800e+01 -5.566505e+00
8.805600e+01 -5.748794e+00
9.205400e+01 -5.939395e+00
9.605200e+01 -6.138304e+00
1.000500e+02 -6.345516e+00
1.040480e+02 -6.561027e+00
1.080460e+02 -6.784833e+00
1.120440e+02 -7.016931e+00
1.160420e+02 -7.257315e+00
1.200400e+02 -7.505982e+00
1.240380e+02 -7.762927e+00
1.280360e+02 -8.028147e+00
1.320340e+02 -8.301638e+00
1.360320e+02 -8.583395e+00
1.400300e+02 -8.873415e+00
1.440280e+02 -9.171693e+00
1.480260e+02 -9.478227e+00
1.520240e+02 -9.793012e+00
1.560220e+02 -1.011604e+01
1.600200e+02 -1.044732e+01
1.640180e+02 -1.078684e+01
1.680160e+02 -1.113459e+01
1.720140e+02 -1.149057e+01
1.760120e+02 -1.185478e+01
1.800100e+02 -1.222722e+01
1.840080e+02 -1.260788e+01
1.880060e+02 -1.299676e+01
1.920040e+02 -1.339385e+01
1.960020e+02 -1.379915e+01
2.000000e+02 -1.421266e+01

# m0=3.300000e+03 mt=1.735000e+02 a_s(M_Z)=1.187000e-01 mb(mb)=4.180000e+00
# m12=3.000000e+02 a0=0.000000e+00 tanb=1.000000e+01
# mu(MSUSY)    MZ          (MZ:P/E^2)   MW(MW)      mch(1)         mneut(1)      mneut(2)     PIZZT(MZ)    PIWWT(0)      PIWWT(MW)    g1(MZ)       g2(MZ)       g3(MZ)       t1/v1        t2/v2
1.000000e-01 -5.479800e+00
4.098000e+00 -5.486434e+00
8.096000e+00 -5.501482e+00
1.209400e+01 -5.524940e+00
1.609200e+01 -5.556804e+00
2.009000e+01 -5.597069e+00
2.408800e+01 -5.645732e+00
2.808600e+01 -5.702786e+00
3.208400e+01 -5.768226e+00
3.608200e+01 -5.842046e+00
4.008000e+01 -5.924241e+00
4.407800e+01 -6.014806e+00
4.807600e+01 -6.113736e+00
5.207400e+01 -6.221025e+00
5.607200e+01 -6.336668e+00
6.007000e+01 -6.460661e+00
6.406800e+01 -6.592999e+00
6.806600e+01 -6.733677e+00
7.206400e+01 -6.882691e+00
7.606200e+01 -7.040035e+00
8.006000e+01 -7.205706e+00
8.405800e+01 -7.379699e+00
8.805600e+01 -7.562009e+00
9.205400e+01 -7.752632e+00
9.605200e+01 -7.951564e+00
1.000500e+02 -8.158801e+00
1.040480e+02 -8.374338e+00
1.080460e+02 -8.598171e+00
1.120440e+02 -8.830295e+00
1.160420e+02 -9.070708e+00
1.200400e+02 -9.319404e+00
1.240380e+02 -9.576380e+00
1.280360e+02 -9.841631e+00
1.320340e+02 -1.011515e+01
1.360320e+02 -1.039694e+01
1.400300e+02 -1.068700e+01
1.440280e+02 -1.098531e+01
1.480260e+02 -1.129188e+01
1.520240e+02 -1.160670e+01
1.560220e+02 -1.192977e+01
1.600200e+02 -1.226109e+01
1.640180e+02 -1.260065e+01
1.680160e+02 -1.294844e+01
1.720140e+02 -1.330446e+01
1.760120e+02 -1.366872e+01
1.800100e+02 -1.404120e+01
1.840080e+02 -1.442191e+01
1.880060e+02 -1.481083e+01
1.920040e+02 -1.520797e+01
1.960020e+02 -1.561332e+01
2.000000e+02 -1.602688e+01

