# m0=3.100000e+03 mt=1.735000e+02 a_s(M_Z)=1.187000e-01 mb(mb)=4.180000e+00
# m12=3.000000e+02 a0=0.000000e+00 tanb=1.000000e+01
1.000000e-01 9.604878e+00 -2.947436e+02 -2.796835e+06 9.242670e+06 1.607976e+06 1.884679e+04 1.245882e+05 7.812121e-01 1.298302e+00
2.995000e-01 9.604875e+00 -2.947356e+02 -2.798195e+06 9.242730e+06 1.608657e+06 1.882674e+04 1.245954e+05 7.812111e-01 1.298298e+00
4.990000e-01 9.604872e+00 -2.947263e+02 -2.799609e+06 9.242792e+06 1.609365e+06 1.880670e+04 1.246029e+05 7.812101e-01 1.298294e+00
6.985000e-01 9.604869e+00 -2.947157e+02 -2.801081e+06 9.242856e+06 1.610101e+06 1.878668e+04 1.246107e+05 7.812090e-01 1.298289e+00
8.980000e-01 9.604866e+00 -2.947038e+02 -2.802615e+06 9.242926e+06 1.610869e+06 1.876664e+04 1.246189e+05 7.812079e-01 1.298277e+00
1.097500e+00 9.604862e+00 -2.946905e+02 -2.804218e+06 9.242997e+06 1.611671e+06 1.874665e+04 1.246274e+05 7.812067e-01 1.298270e+00
1.297000e+00 9.604859e+00 -2.946757e+02 -2.805895e+06 9.243067e+06 1.612510e+06 1.872673e+04 1.246363e+05 7.812054e-01 1.298276e+00
1.496500e+00 9.604856e+00 -2.946593e+02 -2.807654e+06 9.243144e+06 1.613389e+06 1.870679e+04 1.246456e+05 7.812041e-01 1.298270e+00
1.696000e+00 9.604852e+00 -2.946413e+02 -2.809503e+06 9.243225e+06 1.614314e+06 1.868689e+04 1.246555e+05 7.812027e-01 1.298264e+00
1.895500e+00 9.604848e+00 -2.946215e+02 -2.811451e+06 9.243309e+06 1.615289e+06 1.866701e+04 1.246659e+05 7.812012e-01 1.298259e+00
2.095000e+00 9.604843e+00 -2.945998e+02 -2.813511e+06 9.243403e+06 1.616319e+06 1.864712e+04 1.246768e+05 7.811997e-01 1.298243e+00
2.294500e+00 9.604839e+00 -2.945760e+02 -2.815696e+06 9.243494e+06 1.617412e+06 1.862737e+04 1.246885e+05 7.811980e-01 1.298247e+00
2.494000e+00 9.604834e+00 -2.945500e+02 -2.818021e+06 9.243598e+06 1.618575e+06 1.860756e+04 1.247010e+05 7.811963e-01 1.298232e+00
2.693500e+00 9.604797e+00 -2.945210e+02 -2.820523e+06 9.244311e+06 1.619834e+06 1.857742e+04 1.247155e+05 7.811934e-01 1.296476e+00
2.893000e+00 9.604796e+00 -2.944898e+02 -2.823191e+06 9.244343e+06 1.621167e+06 1.855920e+04 1.247297e+05 7.811916e-01 1.296711e+00
3.092500e+00 9.604794e+00 -2.944554e+02 -2.826073e+06 9.244398e+06 1.622608e+06 1.854085e+04 1.247450e+05 7.811896e-01 1.296905e+00
3.292000e+00 9.604791e+00 -2.944175e+02 -2.829207e+06 9.244469e+06 1.624174e+06 1.852250e+04 1.247618e+05 7.811874e-01 1.297086e+00
3.491500e+00 9.604674e+00 -2.943738e+02 -2.832694e+06 9.246648e+06 1.625946e+06 1.846800e+04 1.247845e+05 7.811816e-01 1.291182e+00
3.691000e+00 9.604689e+00 -2.943272e+02 -2.836482e+06 9.246383e+06 1.627835e+06 1.845615e+04 1.248042e+05 7.811796e-01 1.292419e+00
3.890500e+00 9.604701e+00 -2.942747e+02 -2.840722e+06 9.246180e+06 1.629950e+06 1.844375e+04 1.248264e+05 7.811773e-01 1.293530e+00
4.090000e+00 9.604710e+00 -2.942148e+02 -2.845536e+06 9.246038e+06 1.632354e+06 1.843094e+04 1.248518e+05 7.811746e-01 1.294537e+00
4.289500e+00 9.604715e+00 -2.941454e+02 -2.851104e+06 9.245965e+06 1.635135e+06 1.841776e+04 1.248815e+05 7.811713e-01 1.295432e+00
4.489000e+00 9.604716e+00 -2.940633e+02 -2.857709e+06 9.245978e+06 1.638435e+06 1.840425e+04 1.249169e+05 7.811674e-01 1.296205e+00
4.688500e+00 9.604711e+00 -2.939627e+02 -2.865829e+06 9.246096e+06 1.642495e+06 1.839059e+04 1.249609e+05 7.811625e-01 1.296857e+00
4.888000e+00 9.604699e+00 -2.938329e+02 -2.876383e+06 9.246361e+06 1.647774e+06 1.837709e+04 1.250183e+05 7.811561e-01 1.297377e+00
5.087500e+00 9.604673e+00 -2.936567e+02 -2.891476e+06 9.246866e+06 1.655325e+06 1.836457e+04 1.251015e+05 7.811474e-01 1.297755e+00
5.287000e+00 9.604619e+00 -2.933279e+02 -2.918835e+06 9.247940e+06 1.669018e+06 1.835587e+04 1.252525e+05 7.811309e-01 1.297963e+00
5.486500e+00 9.604481e+00 -2.925707e+02 -2.982796e+06 9.250601e+06 1.701036e+06 1.836088e+04 1.256082e+05 7.810930e-01 1.297939e+00
5.686000e+00 9.604626e+00 -2.933518e+02 -2.915714e+06 9.247810e+06 1.667450e+06 1.831318e+04 1.252340e+05 7.811321e-01 1.297959e+00
5.885500e+00 9.604675e+00 -2.936070e+02 -2.891870e+06 9.246881e+06 1.655513e+06 1.828195e+04 1.251016e+05 7.811448e-01 1.297747e+00
6.085000e+00 9.604700e+00 -2.937707e+02 -2.877418e+06 9.246390e+06 1.648278e+06 1.825362e+04 1.250217e+05 7.811528e-01 1.297401e+00
6.284500e+00 9.604713e+00 -2.938843e+02 -2.867066e+06 9.246123e+06 1.643095e+06 1.822603e+04 1.249643e+05 7.811582e-01 1.296906e+00
6.484000e+00 9.604719e+00 -2.939698e+02 -2.859014e+06 9.245990e+06 1.639064e+06 1.819866e+04 1.249198e+05 7.811623e-01 1.296299e+00
6.683500e+00 9.604720e+00 -2.940372e+02 -2.852434e+06 9.245964e+06 1.635771e+06 1.817111e+04 1.248835e+05 7.811654e-01 1.295562e+00
6.883000e+00 9.604716e+00 -2.940918e+02 -2.846875e+06 9.246021e+06 1.632989e+06 1.814326e+04 1.248529e+05 7.811678e-01 1.294709e+00
7.082500e+00 9.604709e+00 -2.941369e+02 -2.842065e+06 9.246148e+06 1.630583e+06 1.811504e+04 1.248265e+05 7.811697e-01 1.293742e+00
7.282000e+00 9.604699e+00 -2.941746e+02 -2.837830e+06 9.246335e+06 1.628465e+06 1.808643e+04 1.248034e+05 7.811712e-01 1.292673e+00
7.481500e+00 9.604685e+00 -2.942064e+02 -2.834047e+06 9.246583e+06 1.626574e+06 1.805728e+04 1.247828e+05 7.811724e-01 1.291481e+00
7.681000e+00 9.604669e+00 -2.942332e+02 -2.830632e+06 9.246879e+06 1.624867e+06 1.802770e+04 1.247644e+05 7.811733e-01 1.290191e+00
7.880500e+00 9.604801e+00 -2.942581e+02 -2.827451e+06 9.244425e+06 1.623239e+06 1.804596e+04 1.247418e+05 7.811785e-01 1.296927e+00
8.080000e+00 9.604804e+00 -2.942774e+02 -2.824583e+06 9.244371e+06 1.621801e+06 1.802304e+04 1.247256e+05 7.811797e-01 1.296726e+00
8.279500e+00 9.604805e+00 -2.943034e+02 -2.821892e+06 9.244332e+06 1.620451e+06 1.800007e+04 1.247103e+05 7.811812e-01 1.296504e+00
8.479000e+00 9.604842e+00 -2.943173e+02 -2.819411e+06 9.243643e+06 1.619198e+06 1.798853e+04 1.246947e+05 7.811832e-01 1.298189e+00
8.678500e+00 9.604848e+00 -2.943281e+02 -2.817105e+06 9.243539e+06 1.618040e+06 1.796711e+04 1.246818e+05 7.811840e-01 1.298200e+00
8.878000e+00 9.604853e+00 -2.943273e+02 -2.814981e+06 9.243445e+06 1.616973e+06 1.794566e+04 1.246697e+05 7.811843e-01 1.298201e+00
9.077500e+00 9.604858e+00 -2.943340e+02 -2.812945e+06 9.243360e+06 1.615950e+06 1.792421e+04 1.246579e+05 7.811850e-01 1.298192e+00
9.277000e+00 9.604863e+00 -2.943386e+02 -2.811022e+06 9.243272e+06 1.614983e+06 1.790290e+04 1.246467e+05 7.811856e-01 1.298202e+00
9.476500e+00 9.604867e+00 -2.943415e+02 -2.809199e+06 9.243196e+06 1.614067e+06 1.788153e+04 1.246361e+05 7.811861e-01 1.298193e+00
9.676000e+00 9.604872e+00 -2.943428e+02 -2.807468e+06 9.243117e+06 1.613196e+06 1.786027e+04 1.246260e+05 7.811866e-01 1.298201e+00
9.875500e+00 9.604875e+00 -2.943425e+02 -2.805820e+06 9.243048e+06 1.612367e+06 1.783895e+04 1.246164e+05 7.811870e-01 1.298191e+00
1.007500e+01 9.604879e+00 -2.943407e+02 -2.804247e+06 9.242976e+06 1.611575e+06 1.781775e+04 1.246071e+05 7.811873e-01 1.298198e+00
1.027450e+01 9.604883e+00 -2.943375e+02 -2.802743e+06 9.242911e+06 1.610818e+06 1.779652e+04 1.245983e+05 7.811876e-01 1.298194e+00
1.047400e+01 9.604887e+00 -2.943329e+02 -2.801303e+06 9.242848e+06 1.610092e+06 1.777532e+04 1.245897e+05 7.811879e-01 1.298192e+00
1.067350e+01 9.604890e+00 -2.943271e+02 -2.799921e+06 9.242789e+06 1.609396e+06 1.775413e+04 1.245815e+05 7.811880e-01 1.298188e+00
1.087300e+01 9.604894e+00 -2.943201e+02 -2.798593e+06 9.242731e+06 1.608726e+06 1.773296e+04 1.245736e+05 7.811881e-01 1.298184e+00
1.107250e+01 9.604897e+00 -2.943118e+02 -2.797315e+06 9.242676e+06 1.608082e+06 1.771179e+04 1.245659e+05 7.811882e-01 1.298178e+00
1.127200e+01 9.604900e+00 -2.943024e+02 -2.796084e+06 9.242623e+06 1.607461e+06 1.769064e+04 1.245585e+05 7.811882e-01 1.298172e+00
1.147150e+01 9.604903e+00 -2.942920e+02 -2.794897e+06 9.242572e+06 1.606862e+06 1.766950e+04 1.245513e+05 7.811882e-01 1.298165e+00
1.167100e+01 9.604906e+00 -2.942804e+02 -2.793750e+06 9.242526e+06 1.606283e+06 1.764833e+04 1.245444e+05 7.811882e-01 1.298150e+00
1.187050e+01 9.604909e+00 -2.942678e+02 -2.792641e+06 9.242477e+06 1.605723e+06 1.762725e+04 1.245376e+05 7.811881e-01 1.298149e+00
1.207000e+01 9.604912e+00 -2.942541e+02 -2.791568e+06 9.242431e+06 1.605180e+06 1.760614e+04 1.245310e+05 7.811879e-01 1.298140e+00
1.226950e+01 9.604915e+00 -2.942395e+02 -2.790529e+06 9.242388e+06 1.604655e+06 1.758504e+04 1.245246e+05 7.811878e-01 1.298130e+00
1.246900e+01 9.604917e+00 -2.942239e+02 -2.789522e+06 9.242346e+06 1.604145e+06 1.756394e+04 1.245184e+05 7.811875e-01 1.298119e+00
1.266850e+01 9.604920e+00 -2.942073e+02 -2.788544e+06 9.242308e+06 1.603651e+06 1.754281e+04 1.245123e+05 7.811873e-01 1.298098e+00
1.286800e+01 9.604922e+00 -2.941898e+02 -2.787595e+06 9.242267e+06 1.603170e+06 1.752176e+04 1.245064e+05 7.811870e-01 1.298093e+00
1.306750e+01 9.604925e+00 -2.941714e+02 -2.786673e+06 9.242229e+06 1.602703e+06 1.750067e+04 1.245006e+05 7.811867e-01 1.298078e+00
1.326700e+01 9.604927e+00 -2.941521e+02 -2.785776e+06 9.242193e+06 1.602248e+06 1.747959e+04 1.244950e+05 7.811863e-01 1.298065e+00
1.346650e+01 9.604930e+00 -2.941319e+02 -2.784904e+06 9.242158e+06 1.601805e+06 1.745851e+04 1.244894e+05 7.811859e-01 1.298049e+00
1.366600e+01 9.604932e+00 -2.941108e+02 -2.784054e+06 9.242125e+06 1.601374e+06 1.743743e+04 1.244840e+05 7.811855e-01 1.298031e+00
1.386550e+01 9.604934e+00 -2.940889e+02 -2.783226e+06 9.242093e+06 1.600954e+06 1.741636e+04 1.244787e+05 7.811851e-01 1.298014e+00
1.406500e+01 9.604937e+00 -2.940660e+02 -2.782420e+06 9.242065e+06 1.600544e+06 1.739523e+04 1.244735e+05 7.811846e-01 1.297986e+00
1.426450e+01 9.604939e+00 -2.940424e+02 -2.781633e+06 9.242032e+06 1.600144e+06 1.737420e+04 1.244684e+05 7.811841e-01 1.297974e+00
1.446400e+01 9.604941e+00 -2.940179e+02 -2.780865e+06 9.242004e+06 1.599753e+06 1.735312e+04 1.244634e+05 7.811835e-01 1.297952e+00
1.466350e+01 9.604943e+00 -2.939926e+02 -2.780115e+06 9.241977e+06 1.599372e+06 1.733205e+04 1.244585e+05 7.811830e-01 1.297929e+00
1.486300e+01 9.604945e+00 -2.939665e+02 -2.779383e+06 9.241948e+06 1.598999e+06 1.731100e+04 1.244537e+05 7.811824e-01 1.297912e+00
1.506250e+01 9.604947e+00 -2.939395e+02 -2.778667e+06 9.241926e+06 1.598634e+06 1.728988e+04 1.244490e+05 7.811818e-01 1.297878e+00
1.526200e+01 9.604949e+00 -2.939117e+02 -2.777968e+06 9.241901e+06 1.598278e+06 1.726880e+04 1.244443e+05 7.811811e-01 1.297853e+00
1.546150e+01 9.604951e+00 -2.938832e+02 -2.777284e+06 9.241879e+06 1.597929e+06 1.724771e+04 1.244397e+05 7.811804e-01 1.297823e+00
1.566100e+01 9.604953e+00 -2.938538e+02 -2.776614e+06 9.241857e+06 1.597587e+06 1.722663e+04 1.244352e+05 7.811797e-01 1.297794e+00
1.586050e+01 9.604955e+00 -2.938237e+02 -2.775959e+06 9.241836e+06 1.597252e+06 1.720553e+04 1.244308e+05 7.811790e-01 1.297763e+00
1.606000e+01 9.604957e+00 -2.937928e+02 -2.775317e+06 9.241817e+06 1.596924e+06 1.718444e+04 1.244264e+05 7.811782e-01 1.297730e+00
1.625950e+01 9.604958e+00 -2.937611e+02 -2.774689e+06 9.241798e+06 1.596603e+06 1.716333e+04 1.244221e+05 7.811775e-01 1.297695e+00
1.645900e+01 9.604970e+00 -2.937287e+02 -2.774069e+06 9.241602e+06 1.596283e+06 1.714529e+04 1.244175e+05 7.811770e-01 1.298174e+00
1.665850e+01 9.604972e+00 -2.936955e+02 -2.773464e+06 9.241570e+06 1.595973e+06 1.712444e+04 1.244133e+05 7.811762e-01 1.298183e+00
1.685800e+01 9.604974e+00 -2.936615e+02 -2.772872e+06 9.241545e+06 1.595669e+06 1.710349e+04 1.244091e+05 7.811753e-01 1.298170e+00
1.705750e+01 9.604977e+00 -2.936268e+02 -2.772291e+06 9.241517e+06 1.595371e+06 1.708261e+04 1.244051e+05 7.811745e-01 1.298170e+00
1.725700e+01 9.604979e+00 -2.935912e+02 -2.771721e+06 9.241489e+06 1.595078e+06 1.706172e+04 1.244010e+05 7.811736e-01 1.298167e+00
1.745650e+01 9.604981e+00 -2.935549e+02 -2.771161e+06 9.241459e+06 1.594790e+06 1.704089e+04 1.243970e+05 7.811727e-01 1.298175e+00
1.765600e+01 9.604983e+00 -2.935179e+02 -2.770612e+06 9.241435e+06 1.594507e+06 1.701996e+04 1.243931e+05 7.811718e-01 1.298164e+00
1.785550e+01 9.604986e+00 -2.934801e+02 -2.770072e+06 9.241410e+06 1.594229e+06 1.699908e+04 1.243892e+05 7.811709e-01 1.298161e+00
1.805500e+01 9.604988e+00 -2.934415e+02 -2.769542e+06 9.241380e+06 1.593956e+06 1.697827e+04 1.243853e+05 7.811699e-01 1.298169e+00
1.825450e+01 9.604990e+00 -2.934023e+02 -2.769021e+06 9.241354e+06 1.593687e+06 1.695740e+04 1.243815e+05 7.811690e-01 1.298168e+00
1.845400e+01 9.604992e+00 -2.933622e+02 -2.768509e+06 9.241332e+06 1.593423e+06 1.693648e+04 1.243777e+05 7.811680e-01 1.298156e+00
1.865350e+01 9.604995e+00 -2.933214e+02 -2.768006e+06 9.241305e+06 1.593163e+06 1.691567e+04 1.243740e+05 7.811670e-01 1.298162e+00
1.885300e+01 9.604997e+00 -2.932799e+02 -2.767511e+06 9.241283e+06 1.592907e+06 1.689477e+04 1.243703e+05 7.811659e-01 1.298151e+00
1.905250e+01 9.604999e+00 -2.932376e+02 -2.767024e+06 9.241259e+06 1.592655e+06 1.687391e+04 1.243666e+05 7.811649e-01 1.298149e+00
1.925200e+01 9.605001e+00 -2.931945e+02 -2.766545e+06 9.241235e+06 1.592407e+06 1.685306e+04 1.243630e+05 7.811638e-01 1.298147e+00
1.945150e+01 9.605003e+00 -2.931508e+02 -2.766073e+06 9.241214e+06 1.592162e+06 1.683217e+04 1.243594e+05 7.811627e-01 1.298136e+00
1.965100e+01 9.605006e+00 -2.931062e+02 -2.765609e+06 9.241191e+06 1.591921e+06 1.681132e+04 1.243558e+05 7.811617e-01 1.298133e+00
1.985050e+01 9.605008e+00 -2.930610e+02 -2.765152e+06 9.241165e+06 1.591684e+06 1.679052e+04 1.243523e+05 7.811605e-01 1.298140e+00
2.005000e+01 9.605010e+00 -2.930150e+02 -2.764701e+06 9.241139e+06 1.591449e+06 1.676973e+04 1.243488e+05 7.811594e-01 1.298147e+00
2.024950e+01 9.605012e+00 -2.929682e+02 -2.764258e+06 9.241119e+06 1.591219e+06 1.674886e+04 1.243453e+05 7.811583e-01 1.298136e+00
2.044900e+01 9.605015e+00 -2.929207e+02 -2.763821e+06 9.241097e+06 1.590991e+06 1.672802e+04 1.243419e+05 7.811571e-01 1.298133e+00
2.064850e+01 9.605017e+00 -2.928725e+02 -2.763390e+06 9.241075e+06 1.590766e+06 1.670720e+04 1.243385e+05 7.811559e-01 1.298131e+00
2.084800e+01 9.605019e+00 -2.928235e+02 -2.762966e+06 9.241053e+06 1.590545e+06 1.668636e+04 1.243351e+05 7.811547e-01 1.298128e+00
2.104750e+01 9.605021e+00 -2.927738e+02 -2.762547e+06 9.241028e+06 1.590326e+06 1.666559e+04 1.243317e+05 7.811535e-01 1.298135e+00
2.124700e+01 9.605023e+00 -2.927234e+02 -2.762134e+06 9.241007e+06 1.590110e+06 1.664476e+04 1.243284e+05 7.811523e-01 1.298130e+00
2.144650e+01 9.605026e+00 -2.926722e+02 -2.761727e+06 9.240986e+06 1.589897e+06 1.662395e+04 1.243251e+05 7.811511e-01 1.298129e+00
2.164600e+01 9.605027e+00 -2.926202e+02 -2.761326e+06 9.240971e+06 1.589687e+06 1.660304e+04 1.243218e+05 7.811498e-01 1.298108e+00
2.184550e+01 9.605030e+00 -2.925675e+02 -2.760929e+06 9.240947e+06 1.589479e+06 1.658227e+04 1.243185e+05 7.811486e-01 1.298115e+00
2.204500e+01 9.605032e+00 -2.925141e+02 -2.760538e+06 9.240926e+06 1.589273e+06 1.656147e+04 1.243153e+05 7.811473e-01 1.298112e+00
2.224450e+01 9.605034e+00 -2.924599e+02 -2.760152e+06 9.240905e+06 1.589070e+06 1.654067e+04 1.243121e+05 7.811460e-01 1.298111e+00
2.244400e+01 9.605036e+00 -2.924050e+02 -2.759771e+06 9.240882e+06 1.588869e+06 1.651990e+04 1.243089e+05 7.811447e-01 1.298116e+00
2.264350e+01 9.605038e+00 -2.923493e+02 -2.759394e+06 9.240865e+06 1.588671e+06 1.649907e+04 1.243057e+05 7.811434e-01 1.298106e+00
2.284300e+01 9.605041e+00 -2.922929e+02 -2.759022e+06 9.240846e+06 1.588475e+06 1.647826e+04 1.243025e+05 7.811421e-01 1.298101e+00
2.304250e+01 9.605043e+00 -2.922357e+02 -2.758655e+06 9.240826e+06 1.588281e+06 1.645745e+04 1.242994e+05 7.811407e-01 1.298099e+00
2.324200e+01 9.605045e+00 -2.921778e+02 -2.758292e+06 9.240803e+06 1.588089e+06 1.643673e+04 1.242962e+05 7.811394e-01 1.298106e+00
2.344150e+01 9.605047e+00 -2.921191e+02 -2.757933e+06 9.240783e+06 1.587899e+06 1.641593e+04 1.242931e+05 7.811380e-01 1.298102e+00
2.364100e+01 9.605049e+00 -2.920597e+02 -2.757578e+06 9.240767e+06 1.587711e+06 1.639511e+04 1.242900e+05 7.811367e-01 1.298092e+00
2.384050e+01 9.605051e+00 -2.919995e+02 -2.757228e+06 9.240748e+06 1.587525e+06 1.637432e+04 1.242869e+05 7.811353e-01 1.298088e+00
2.404000e+01 9.605054e+00 -2.919385e+02 -2.756881e+06 9.240728e+06 1.587341e+06 1.635353e+04 1.242839e+05 7.811339e-01 1.298086e+00
2.423950e+01 9.605056e+00 -2.918768e+02 -2.756538e+06 9.240710e+06 1.587159e+06 1.633275e+04 1.242808e+05 7.811325e-01 1.298083e+00
2.443900e+01 9.605058e+00 -2.918144e+02 -2.756199e+06 9.240691e+06 1.586979e+06 1.631198e+04 1.242778e+05 7.811311e-01 1.298080e+00
2.463850e+01 9.605060e+00 -2.917511e+02 -2.755863e+06 9.240675e+06 1.586800e+06 1.629116e+04 1.242747e+05 7.811296e-01 1.298068e+00
2.483800e+01 9.605062e+00 -2.916872e+02 -2.755531e+06 9.240653e+06 1.586623e+06 1.627044e+04 1.242717e+05 7.811282e-01 1.298075e+00
2.503750e+01 9.605064e+00 -2.916224e+02 -2.755203e+06 9.240635e+06 1.586448e+06 1.624967e+04 1.242687e+05 7.811268e-01 1.298071e+00
2.523700e+01 9.605066e+00 -2.915569e+02 -2.754877e+06 9.240616e+06 1.586274e+06 1.622891e+04 1.242657e+05 7.811253e-01 1.298069e+00
2.543650e+01 9.605069e+00 -2.914906e+02 -2.754555e+06 9.240598e+06 1.586101e+06 1.620814e+04 1.242627e+05 7.811238e-01 1.298066e+00
2.563600e+01 9.605071e+00 -2.914236e+02 -2.754237e+06 9.240579e+06 1.585931e+06 1.618739e+04 1.242598e+05 7.811224e-01 1.298064e+00
2.583550e+01 9.605073e+00 -2.913558e+02 -2.753921e+06 9.240561e+06 1.585761e+06 1.616663e+04 1.242568e+05 7.811209e-01 1.298060e+00
2.603500e+01 9.605075e+00 -2.912872e+02 -2.753608e+06 9.240540e+06 1.585593e+06 1.614593e+04 1.242539e+05 7.811194e-01 1.298066e+00
2.623450e+01 9.605077e+00 -2.912178e+02 -2.753298e+06 9.240526e+06 1.585427e+06 1.612513e+04 1.242509e+05 7.811179e-01 1.298054e+00
2.643400e+01 9.605079e+00 -2.911469e+02 -2.752990e+06 9.240507e+06 1.585261e+06 1.610438e+04 1.242480e+05 7.811164e-01 1.298051e+00
2.663350e+01 9.605081e+00 -2.910728e+02 -2.752682e+06 9.240489e+06 1.585095e+06 1.608364e+04 1.242451e+05 7.811148e-01 1.298049e+00
2.683300e+01 9.605084e+00 -2.909967e+02 -2.752375e+06 9.240471e+06 1.584930e+06 1.606291e+04 1.242421e+05 7.811133e-01 1.298045e+00
2.703250e+01 9.605086e+00 -2.909188e+02 -2.752069e+06 9.240450e+06 1.584765e+06 1.604222e+04 1.242392e+05 7.811117e-01 1.298052e+00
2.723200e+01 9.605088e+00 -2.908394e+02 -2.751765e+06 9.240435e+06 1.584601e+06 1.602145e+04 1.242362e+05 7.811102e-01 1.298039e+00
2.743150e+01 9.605090e+00 -2.907585e+02 -2.751462e+06 9.240417e+06 1.584437e+06 1.600073e+04 1.242333e+05 7.811086e-01 1.298037e+00
2.763100e+01 9.605092e+00 -2.906763e+02 -2.751161e+06 9.240399e+06 1.584275e+06 1.598001e+04 1.242304e+05 7.811070e-01 1.298033e+00
2.783050e+01 9.605095e+00 -2.905928e+02 -2.750862e+06 9.240378e+06 1.584113e+06 1.595934e+04 1.242274e+05 7.811054e-01 1.298039e+00
2.803000e+01 9.605097e+00 -2.905080e+02 -2.750565e+06 9.240360e+06 1.583952e+06 1.593862e+04 1.242245e+05 7.811038e-01 1.298035e+00
2.822950e+01 9.605099e+00 -2.904220e+02 -2.750269e+06 9.240344e+06 1.583791e+06 1.591788e+04 1.242216e+05 7.811022e-01 1.298025e+00
2.842900e+01 9.605101e+00 -2.903348e+02 -2.749975e+06 9.240323e+06 1.583632e+06 1.589723e+04 1.242187e+05 7.811006e-01 1.298031e+00
2.862850e+01 9.605103e+00 -2.902464e+02 -2.749682e+06 9.240308e+06 1.583473e+06 1.587647e+04 1.242157e+05 7.810990e-01 1.298017e+00
2.882800e+01 9.605105e+00 -2.901570e+02 -2.749392e+06 9.240287e+06 1.583315e+06 1.585583e+04 1.242128e+05 7.810973e-01 1.298024e+00
2.902750e+01 9.605108e+00 -2.900664e+02 -2.749103e+06 9.240272e+06 1.583157e+06 1.583509e+04 1.242099e+05 7.810957e-01 1.298012e+00
2.922700e+01 9.605110e+00 -2.899748e+02 -2.748815e+06 9.240251e+06 1.583001e+06 1.581445e+04 1.242070e+05 7.810940e-01 1.298018e+00
2.942650e+01 9.605112e+00 -2.898821e+02 -2.748529e+06 9.240233e+06 1.582845e+06 1.579376e+04 1.242041e+05 7.810924e-01 1.298014e+00
2.962600e+01 9.605114e+00 -2.897884e+02 -2.748245e+06 9.240218e+06 1.582690e+06 1.577303e+04 1.242012e+05 7.810907e-01 1.298002e+00
2.982550e+01 9.605116e+00 -2.896936e+02 -2.747962e+06 9.240197e+06 1.582535e+06 1.575240e+04 1.241983e+05 7.810891e-01 1.298008e+00
3.002500e+01 9.605119e+00 -2.895978e+02 -2.747681e+06 9.240179e+06 1.582381e+06 1.573173e+04 1.241954e+05 7.810874e-01 1.298005e+00
3.022450e+01 9.605121e+00 -2.895010e+02 -2.747401e+06 9.240161e+06 1.582228e+06 1.571105e+04 1.241925e+05 7.810857e-01 1.298001e+00
3.042400e+01 9.605123e+00 -2.894032e+02 -2.747122e+06 9.240142e+06 1.582075e+06 1.569038e+04 1.241896e+05 7.810840e-01 1.298000e+00
3.062350e+01 9.605125e+00 -2.893044e+02 -2.746845e+06 9.240128e+06 1.581923e+06 1.566966e+04 1.241867e+05 7.810823e-01 1.297986e+00
3.082300e+01 9.605127e+00 -2.892047e+02 -2.746570e+06 9.240110e+06 1.581772e+06 1.564900e+04 1.241838e+05 7.810806e-01 1.297984e+00
3.102250e+01 9.605130e+00 -2.891040e+02 -2.746296e+06 9.240089e+06 1.581621e+06 1.562839e+04 1.241809e+05 7.810789e-01 1.297989e+00
3.122200e+01 9.605132e+00 -2.890023e+02 -2.746023e+06 9.240074e+06 1.581471e+06 1.560768e+04 1.241780e+05 7.810771e-01 1.297976e+00
3.142150e+01 9.605134e+00 -2.888997e+02 -2.745751e+06 9.240053e+06 1.581321e+06 1.558708e+04 1.241752e+05 7.810754e-01 1.297982e+00
3.162100e+01 9.605136e+00 -2.887961e+02 -2.745481e+06 9.240036e+06 1.581172e+06 1.556643e+04 1.241723e+05 7.810737e-01 1.297979e+00
3.182050e+01 9.605138e+00 -2.886916e+02 -2.745212e+06 9.240018e+06 1.581024e+06 1.554578e+04 1.241694e+05 7.810720e-01 1.297975e+00
3.202000e+01 9.605140e+00 -2.885861e+02 -2.744944e+06 9.240003e+06 1.580876e+06 1.552510e+04 1.241665e+05 7.810702e-01 1.297964e+00
3.221950e+01 9.605143e+00 -2.884797e+02 -2.744677e+06 9.239985e+06 1.580728e+06 1.550446e+04 1.241636e+05 7.810685e-01 1.297961e+00
3.241900e+01 9.605145e+00 -2.883724e+02 -2.744412e+06 9.239967e+06 1.580581e+06 1.548382e+04 1.241608e+05 7.810667e-01 1.297958e+00
3.261850e+01 9.605147e+00 -2.882642e+02 -2.744147e+06 9.239949e+06 1.580434e+06 1.546319e+04 1.241579e+05 7.810649e-01 1.297955e+00
3.281800e+01 9.605149e+00 -2.881550e+02 -2.743884e+06 9.239931e+06 1.580288e+06 1.544255e+04 1.241550e+05 7.810632e-01 1.297952e+00
3.301750e+01 9.605152e+00 -2.880450e+02 -2.743622e+06 9.239911e+06 1.580143e+06 1.542197e+04 1.241521e+05 7.810614e-01 1.297955e+00
3.321700e+01 9.605154e+00 -2.879340e+02 -2.743360e+06 9.239892e+06 1.579997e+06 1.540134e+04 1.241493e+05 7.810596e-01 1.297954e+00
3.341650e+01 9.605156e+00 -2.878221e+02 -2.743100e+06 9.239875e+06 1.579853e+06 1.538072e+04 1.241464e+05 7.810579e-01 1.297950e+00
3.361600e+01 9.605158e+00 -2.877093e+02 -2.742841e+06 9.239859e+06 1.579708e+06 1.536007e+04 1.241435e+05 7.810561e-01 1.297939e+00
3.381550e+01 9.605160e+00 -2.875956e+02 -2.742583e+06 9.239842e+06 1.579564e+06 1.533945e+04 1.241406e+05 7.810543e-01 1.297935e+00
3.401500e+01 9.605162e+00 -2.874810e+02 -2.742326e+06 9.239824e+06 1.579421e+06 1.531883e+04 1.241378e+05 7.810525e-01 1.297931e+00
3.421450e+01 9.605165e+00 -2.873655e+02 -2.742069e+06 9.239803e+06 1.579278e+06 1.529827e+04 1.241349e+05 7.810507e-01 1.297937e+00
3.441400e+01 9.605167e+00 -2.872491e+02 -2.741814e+06 9.239785e+06 1.579135e+06 1.527767e+04 1.241320e+05 7.810489e-01 1.297933e+00
3.461350e+01 9.605169e+00 -2.871318e+02 -2.741559e+06 9.239767e+06 1.578992e+06 1.525707e+04 1.241291e+05 7.810470e-01 1.297931e+00
3.481300e+01 9.605171e+00 -2.870137e+02 -2.741305e+06 9.239752e+06 1.578850e+06 1.523642e+04 1.241262e+05 7.810452e-01 1.297918e+00
3.501250e+01 9.605174e+00 -2.868946e+02 -2.741052e+06 9.239731e+06 1.578708e+06 1.521587e+04 1.241234e+05 7.810434e-01 1.297924e+00
3.521200e+01 9.605176e+00 -2.867746e+02 -2.740800e+06 9.239713e+06 1.578567e+06 1.519527e+04 1.241205e+05 7.810416e-01 1.297920e+00
3.541150e+01 9.605178e+00 -2.866537e+02 -2.740549e+06 9.239698e+06 1.578426e+06 1.517464e+04 1.241176e+05 7.810397e-01 1.297909e+00
3.561100e+01 9.605180e+00 -2.865319e+02 -2.740299e+06 9.239677e+06 1.578285e+06 1.515410e+04 1.241147e+05 7.810379e-01 1.297914e+00
3.581050e+01 9.605183e+00 -2.864091e+02 -2.740049e+06 9.239660e+06 1.578144e+06 1.513352e+04 1.241119e+05 7.810361e-01 1.297909e+00
3.601000e+01 9.605185e+00 -2.862856e+02 -2.739800e+06 9.239641e+06 1.578004e+06 1.511295e+04 1.241090e+05 7.810342e-01 1.297908e+00
3.620950e+01 9.605187e+00 -2.861611e+02 -2.739551e+06 9.239624e+06 1.577864e+06 1.509237e+04 1.241061e+05 7.810324e-01 1.297904e+00
3.640900e+01 9.605190e+00 -2.860349e+02 -2.739335e+06 9.239607e+06 1.577740e+06 1.507184e+04 1.241037e+05 7.810300e-01 1.297900e+00
3.660850e+01 9.605192e+00 -2.859084e+02 -2.739116e+06 9.239592e+06 1.577614e+06 1.505121e+04 1.241006e+05 7.810277e-01 1.297888e+00
3.680800e+01 9.605195e+00 -2.857810e+02 -2.738888e+06 9.239572e+06 1.577484e+06 1.503068e+04 1.240977e+05 7.810256e-01 1.297893e+00
3.700750e+01 9.605197e+00 -2.856527e+02 -2.738658e+06 9.239555e+06 1.577353e+06 1.501011e+04 1.240948e+05 7.810235e-01 1.297889e+00
3.720700e+01 9.605199e+00 -2.855236e+02 -2.738426e+06 9.239537e+06 1.577220e+06 1.498955e+04 1.240919e+05 7.810214e-01 1.297885e+00
3.740650e+01 9.605202e+00 -2.853937e+02 -2.738193e+06 9.239519e+06 1.577088e+06 1.496900e+04 1.240890e+05 7.810193e-01 1.297882e+00
3.760600e+01 9.605204e+00 -2.852628e+02 -2.737960e+06 9.239505e+06 1.576955e+06 1.494839e+04 1.240861e+05 7.810173e-01 1.297868e+00
3.780550e+01 9.605207e+00 -2.851311e+02 -2.737727e+06 9.239484e+06 1.576821e+06 1.492788e+04 1.240833e+05 7.810153e-01 1.297874e+00
3.800500e+01 9.605209e+00 -2.849984e+02 -2.737494e+06 9.239466e+06 1.576688e+06 1.490734e+04 1.240804e+05 7.810132e-01 1.297870e+00
3.820450e+01 9.605211e+00 -2.848649e+02 -2.737260e+06 9.239451e+06 1.576555e+06 1.488675e+04 1.240775e+05 7.810112e-01 1.297858e+00
3.840400e+01 9.605214e+00 -2.847305e+02 -2.737027e+06 9.239430e+06 1.576421e+06 1.486626e+04 1.240746e+05 7.810091e-01 1.297865e+00
3.860350e+01 9.605216e+00 -2.845952e+02 -2.736794e+06 9.239412e+06 1.576287e+06 1.484573e+04 1.240717e+05 7.810071e-01 1.297860e+00
3.880300e+01 9.605218e+00 -2.844591e+02 -2.736560e+06 9.239394e+06 1.576154e+06 1.482519e+04 1.240688e+05 7.810051e-01 1.297857e+00
3.900250e+01 9.605221e+00 -2.843220e+02 -2.736327e+06 9.239376e+06 1.576020e+06 1.480466e+04 1.240659e+05 7.810030e-01 1.297853e+00
3.920200e+01 9.605223e+00 -2.841840e+02 -2.736095e+06 9.239361e+06 1.575887e+06 1.478409e+04 1.240630e+05 7.810010e-01 1.297840e+00
3.940150e+01 9.605225e+00 -2.840451e+02 -2.735862e+06 9.239340e+06 1.575753e+06 1.476362e+04 1.240600e+05 7.809990e-01 1.297846e+00
3.960100e+01 9.605227e+00 -2.839053e+02 -2.735630e+06 9.239325e+06 1.575620e+06 1.474305e+04 1.240571e+05 7.809969e-01 1.297833e+00
3.980050e+01 9.605230e+00 -2.837647e+02 -2.735397e+06 9.239304e+06 1.575486e+06 1.472257e+04 1.240542e+05 7.809949e-01 1.297838e+00
4.000000e+01 9.605232e+00 -2.836231e+02 -2.735165e+06 9.239288e+06 1.575353e+06 1.470202e+04 1.240513e+05 7.809929e-01 1.297827e+00



