9.118760e+01 4.583581e-01 6.383758e-01 8.975501e-01 2.000257e+02 3.804456e+02 1.228962e+03  # 
1.762149e+02 4.610881e-01 6.397076e-01 8.858504e-01 2.026778e+02 3.827910e+02 1.194252e+03  # 
3.405254e+02 4.638661e-01 6.410431e-01 8.745149e-01 2.053789e+02 3.851140e+02 1.161427e+03  # 
6.580461e+02 4.666938e-01 6.423826e-01 8.635148e-01 2.081322e+02 3.874174e+02 1.130338e+03  # 
1.271637e+03 4.695726e-01 6.437263e-01 8.528239e-01 2.109407e+02 3.897041e+02 1.100853e+03  # 
2.457367e+03 4.725043e-01 6.450744e-01 8.424188e-01 2.138075e+02 3.919766e+02 1.072852e+03  # 
4.748724e+03 4.754905e-01 6.464273e-01 8.322780e-01 2.167356e+02 3.942372e+02 1.046228e+03  # 
9.176641e+03 4.785330e-01 6.477852e-01 8.223819e-01 2.197283e+02 3.964880e+02 1.020882e+03  # 
1.773334e+04 4.816337e-01 6.491483e-01 8.127126e-01 2.227888e+02 3.987309e+02 9.967261e+02  # 
3.426869e+04 4.847944e-01 6.505168e-01 8.032539e-01 2.259206e+02 4.009678e+02 9.736788e+02  # 
6.622231e+04 4.880174e-01 6.518910e-01 7.939908e-01 2.291272e+02 4.032002e+02 9.516666e+02  # 
1.279709e+05 4.913046e-01 6.532710e-01 7.849096e-01 2.324121e+02 4.054296e+02 9.306218e+02  # 
2.472965e+05 4.946583e-01 6.546570e-01 7.759978e-01 2.357792e+02 4.076576e+02 9.104830e+02  # 
4.778866e+05 4.980807e-01 6.560492e-01 7.672439e-01 2.392324e+02 4.098854e+02 8.911933e+02  # 
9.234890e+05 5.015745e-01 6.574478e-01 7.586372e-01 2.427758e+02 4.121142e+02 8.727009e+02  # 
1.784591e+06 5.051420e-01 6.588531e-01 7.501679e-01 2.464137e+02 4.143453e+02 8.549578e+02  # 
3.448621e+06 5.087861e-01 6.602651e-01 7.418272e-01 2.501507e+02 4.165796e+02 8.379198e+02  # 
6.664266e+06 5.125094e-01 6.616840e-01 7.336067e-01 2.539914e+02 4.188183e+02 8.215462e+02  # 
1.287832e+07 5.163151e-01 6.631101e-01 7.254988e-01 2.579410e+02 4.210624e+02 8.057993e+02  # 
2.488663e+07 5.202061e-01 6.645434e-01 7.174964e-01 2.620047e+02 4.233126e+02 7.906441e+02  # 
4.809200e+07 5.241858e-01 6.659841e-01 7.095931e-01 2.661881e+02 4.255700e+02 7.760482e+02  # 
9.293509e+07 5.282577e-01 6.674325e-01 7.017828e-01 2.704972e+02 4.278353e+02 7.619817e+02  # 
1.795918e+08 5.324253e-01 6.688887e-01 6.940602e-01 2.749381e+02 4.301094e+02 7.484164e+02  # 
3.470511e+08 5.366927e-01 6.703528e-01 6.864199e-01 2.795175e+02 4.323931e+02 7.353264e+02  # 
6.706567e+08 5.410637e-01 6.718249e-01 6.788574e-01 2.842425e+02 4.346870e+02 7.226874e+02  # 
1.296006e+09 5.455428e-01 6.733053e-01 6.713683e-01 2.891206e+02 4.369920e+02 7.104767e+02  # 
2.504459e+09 5.501346e-01 6.747942e-01 6.639487e-01 2.941599e+02 4.393086e+02 6.986731e+02  # 
4.839727e+09 5.548437e-01 6.762916e-01 6.565947e-01 2.993688e+02 4.416376e+02 6.872568e+02  # 
9.352499e+09 5.596755e-01 6.777977e-01 6.493031e-01 3.047565e+02 4.439796e+02 6.762094e+02  # 
1.807318e+10 5.646353e-01 6.793127e-01 6.420706e-01 3.103328e+02 4.463353e+02 6.655133e+02  # 
3.492540e+10 5.697289e-01 6.808367e-01 6.348945e-01 3.161081e+02 4.487053e+02 6.551523e+02  # 
6.749137e+10 5.749625e-01 6.823699e-01 6.277720e-01 3.220937e+02 4.510902e+02 6.451110e+02  # 
1.304233e+11 5.803427e-01 6.839125e-01 6.207008e-01 3.283016e+02 4.534906e+02 6.353752e+02  # 
2.520356e+11 5.858764e-01 6.854645e-01 6.136785e-01 3.347448e+02 4.559071e+02 6.259311e+02  # 
4.870447e+11 5.915712e-01 6.870263e-01 6.067031e-01 3.414374e+02 4.583402e+02 6.167660e+02  # 
9.411865e+11 5.974351e-01 6.885978e-01 5.997727e-01 3.483943e+02 4.607906e+02 6.078679e+02  # 
1.818790e+12 6.034766e-01 6.901794e-01 5.928855e-01 3.556320e+02 4.632588e+02 5.992255e+02  # 
3.514709e+12 6.097049e-01 6.917711e-01 5.860401e-01 3.631681e+02 4.657453e+02 5.908281e+02  # 
6.791977e+12 6.161300e-01 6.933731e-01 5.792348e-01 3.710218e+02 4.682508e+02 5.826654e+02  # 
1.312511e+13 6.227623e-01 6.949856e-01 5.724683e-01 3.792140e+02 4.707759e+02 5.747280e+02  # 
2.536354e+13 6.296135e-01 6.966088e-01 5.657394e-01 3.877672e+02 4.733209e+02 5.670067e+02  # 
4.901362e+13 6.366957e-01 6.982427e-01 5.590470e-01 3.967063e+02 4.758866e+02 5.594931e+02  # 
9.471606e+13 6.440224e-01 6.998877e-01 5.523899e-01 4.060583e+02 4.784735e+02 5.521790e+02  # 
1.830335e+14 6.516079e-01 7.015438e-01 5.457672e-01 4.158527e+02 4.810821e+02 5.450566e+02  # 
3.537019e+14 6.594680e-01 7.032113e-01 5.391779e-01 4.261221e+02 4.837130e+02 5.381187e+02  # 
6.835089e+14 6.676197e-01 7.048902e-01 5.326212e-01 4.369023e+02 4.863668e+02 5.313584e+02  # 
1.320843e+15 6.760815e-01 7.065809e-01 5.260962e-01 4.482324e+02 4.890441e+02 5.247690e+02  # 
2.552454e+15 6.848736e-01 7.082834e-01 5.196021e-01 4.601563e+02 4.917455e+02 5.183442e+02  # 
4.932474e+15 6.940182e-01 7.099981e-01 5.131383e-01 4.727219e+02 4.944715e+02 5.120783e+02  # 
9.531728e+15 7.035395e-01 7.117249e-01 5.067039e-01 4.859831e+02 4.972227e+02 5.059654e+02  # 
1.841953e+16 7.134643e-01 7.134643e-01 5.002982e-01 4.999995e+02 4.999999e+02 5.000002e+02  # 


9.118760e+01 4.583581e-01 6.383758e-01 8.975501e-01 2.000257e+02 3.804456e+02 1.228962e+03  # 


1.841953e+16 7.134643e-01 7.134643e-01 5.002982e-01 4.999995e+02 4.999999e+02 5.000002e+02  # 


