# m0=2.650000e+03 mt=1.735000e+02 a_s(M_Z)=1.187000e-01 mb(mb)=4.180000e+00
# m12=3.000000e+02 a0=0.000000e+00 tanb=1.000000e+01
# mu(MSUSY)    MZ          (MZ:P/E^2   ) MW(MW)      mch(1)         mneut(1)      mneut(2)     PIZZT(MZ)    PIWWT(0)      PIWWT(MW)    g1(MZ)       g2(MZ)       g3(MZ)       t1/v1        t2/v2
1.000000e-01 9.118760e+01 1.063160e+00 7.770066e+01  -4.725771e+00  -2.044198e-02 -3.436690e+01 8.810655e+00 1.188155e+02 -9.907001e+01 4.582551e-01 6.381427e-01 1.114629e+00 0.000000e+00 0.000000e+00 
1.099000e+00 9.118760e+01 2.822329e-01 7.769461e+01  -3.818257e+00  -1.986127e-01 -3.420480e+01 8.811109e+00 1.188278e+02 -9.910085e+01 4.583641e-01 6.380936e-01 1.114641e+00 0.000000e+00 0.000000e+00 
2.098000e+00 9.118760e+01 -6.974755e-01 7.768717e+01  -2.910128e+00  -3.284637e-01 -3.408925e+01 8.835704e+00 1.188458e+02 -9.910201e+01 4.585007e-01 6.380331e-01 1.114656e+00 0.000000e+00 0.000000e+00 
3.097000e+00 9.118760e+01 -2.013792e+00 7.767730e+01  -2.000916e+00  -4.088595e-01 -3.401914e+01 8.890375e+00 1.188680e+02 -9.906769e+01 4.586843e-01 6.379530e-01 1.114675e+00 0.000000e+00 0.000000e+00 
4.096000e+00 9.118760e+01 -4.026353e+00 7.766229e+01  -1.089428e+00  -4.389291e-01 -3.398953e+01 8.990090e+00 1.188913e+02 -9.898305e+01 4.589657e-01 6.378317e-01 1.114705e+00 0.000000e+00 0.000000e+00 
5.095000e+00 9.118760e+01 -8.569998e+00 7.762850e+01  -1.694657e-01  -4.173157e-01 -3.397249e+01 9.217925e+00 1.189064e+02 -9.876412e+01 4.596002e-01 6.375605e-01 1.114772e+00 0.000000e+00 0.000000e+00 
6.094000e+00 9.118760e+01 -7.942848e+00 7.763363e+01  7.338025e-01  -3.475352e-01 -3.408824e+01 9.231090e+00 1.189361e+02 -9.875687e+01 4.595081e-01 6.375998e-01 1.114763e+00 0.000000e+00 0.000000e+00 
7.093000e+00 9.118760e+01 -3.937719e+00 7.766386e+01  1.625222e+00  -2.317942e-01 -3.430536e+01 9.109492e+00 1.189777e+02 -9.888020e+01 4.589470e-01 6.378394e-01 1.114703e+00 0.000000e+00 0.000000e+00 
8.092000e+00 9.118760e+01 -2.018402e+00 7.767862e+01  2.523090e+00  -6.797031e-02 -3.453891e+01 9.096252e+00 1.190148e+02 -9.888897e+01 4.586765e-01 6.379559e-01 1.114674e+00 0.000000e+00 0.000000e+00 
9.091000e+00 9.118760e+01 -7.623451e-01 7.768869e+01  3.422716e+00  1.417853e-01 -3.480946e+01 9.125979e+00 1.190541e+02 -9.885009e+01 4.584967e-01 6.380342e-01 1.114655e+00 0.000000e+00 0.000000e+00 
1.009000e+01 9.118760e+01 1.787635e-01 7.769641e+01  4.323105e+00  3.955181e-01 -3.512035e+01 9.184752e+00 1.190979e+02 -9.877632e+01 4.583620e-01 6.380937e-01 1.114641e+00 0.000000e+00 0.000000e+00 
1.108900e+01 9.118760e+01 9.266991e-01 7.770277e+01  5.223846e+00  6.911119e-01 -3.547151e+01 9.267175e+00 1.191472e+02 -9.867325e+01 4.582540e-01 6.381422e-01 1.114629e+00 0.000000e+00 0.000000e+00 
1.208800e+01 9.118760e+01 1.545782e+00 7.770827e+01  6.124734e+00  1.026308e+00 -3.586170e+01 9.370540e+00 1.192023e+02 -9.854338e+01 4.581639e-01 6.381834e-01 1.114619e+00 0.000000e+00 0.000000e+00 
1.308700e+01 9.118760e+01 2.072498e+00 7.771317e+01  7.025650e+00  1.398759e+00 -3.628919e+01 9.493376e+00 1.192633e+02 -9.838799e+01 4.580866e-01 6.382195e-01 1.114611e+00 0.000000e+00 0.000000e+00 
1.408600e+01 9.118760e+01 2.529970e+00 7.771764e+01  7.926516e+00  1.806075e+00 -3.675195e+01 9.634853e+00 1.193303e+02 -9.820768e+01 4.580187e-01 6.382520e-01 1.114604e+00 0.000000e+00 0.000000e+00 
1.508500e+01 9.118760e+01 2.933221e+00 7.772181e+01  8.827279e+00  2.245876e+00 -3.724786e+01 9.794487e+00 1.194029e+02 -9.800273e+01 4.579582e-01 6.382817e-01 1.114597e+00 0.000000e+00 0.000000e+00 
1.608400e+01 9.118760e+01 3.293245e+00 7.772575e+01  9.727903e+00  2.715830e+00 -3.777476e+01 9.972140e+00 1.194809e+02 -9.777304e+01 4.579036e-01 6.383092e-01 1.114591e+00 0.000000e+00 0.000000e+00 
1.708300e+01 9.118760e+01 3.617023e+00 7.772953e+01  1.062835e+01  3.213676e+00 -3.833054e+01 1.016767e+01 1.195640e+02 -9.751852e+01 4.578538e-01 6.383352e-01 1.114586e+00 0.000000e+00 0.000000e+00 
1.808200e+01 9.118760e+01 3.911943e+00 7.773318e+01  1.152860e+01  3.737252e+00 -3.891312e+01 1.038096e+01 1.196516e+02 -9.723907e+01 4.578079e-01 6.383600e-01 1.114581e+00 0.000000e+00 0.000000e+00 
1.908100e+01 9.118760e+01 4.182123e+00 7.773675e+01  1.242863e+01  4.284512e+00 -3.952056e+01 1.061220e+01 1.197435e+02 -9.693426e+01 4.577654e-01 6.383838e-01 1.114576e+00 0.000000e+00 0.000000e+00 
2.008000e+01 9.118760e+01 4.431326e+00 7.774026e+01  1.332841e+01  4.853533e+00 -4.015099e+01 1.086154e+01 1.198393e+02 -9.660370e+01 4.577256e-01 6.384070e-01 1.114571e+00 0.000000e+00 0.000000e+00 
2.107900e+01 9.118760e+01 4.662372e+00 7.774374e+01  1.422793e+01  5.442516e+00 -4.080268e+01 1.112921e+01 1.199386e+02 -9.624693e+01 4.576883e-01 6.384297e-01 1.114567e+00 0.000000e+00 0.000000e+00 
2.207800e+01 9.118760e+01 4.877903e+00 7.774721e+01  1.512717e+01  6.049791e+00 -4.147401e+01 1.141545e+01 1.200410e+02 -9.586345e+01 4.576531e-01 6.384521e-01 1.114563e+00 0.000000e+00 0.000000e+00 
2.307700e+01 9.118760e+01 5.079987e+00 7.775069e+01  1.602612e+01  6.673811e+00 -4.216347e+01 1.172055e+01 1.201463e+02 -9.545275e+01 4.576197e-01 6.384744e-01 1.114559e+00 0.000000e+00 0.000000e+00 
2.407600e+01 9.118760e+01 5.270272e+00 7.775418e+01  1.692477e+01  7.313149e+00 -4.286969e+01 1.204483e+01 1.202542e+02 -9.501425e+01 4.575879e-01 6.384967e-01 1.114555e+00 0.000000e+00 0.000000e+00 
2.507500e+01 9.118760e+01 5.450364e+00 7.775771e+01  1.782309e+01  7.966493e+00 -4.359138e+01 1.238863e+01 1.203644e+02 -9.454736e+01 4.575574e-01 6.385191e-01 1.114552e+00 0.000000e+00 0.000000e+00 
2.607400e+01 9.118760e+01 5.621504e+00 7.776128e+01  1.872107e+01  8.632635e+00 -4.432737e+01 1.275230e+01 1.204767e+02 -9.405149e+01 4.575283e-01 6.385417e-01 1.114548e+00 0.000000e+00 0.000000e+00 
2.707300e+01 9.118760e+01 5.787109e+00 7.776501e+01  1.961867e+01  9.310418e+00 -4.507667e+01 1.313625e+01 1.205911e+02 -9.352673e+01 4.575000e-01 6.385655e-01 1.114545e+00 0.000000e+00 0.000000e+00 
2.807200e+01 9.118760e+01 5.949066e+00 7.776896e+01  2.051585e+01  9.998799e+00 -4.583834e+01 1.354491e+01 1.207078e+02 -9.297274e+01 4.574724e-01 6.385909e-01 1.114541e+00 0.000000e+00 0.000000e+00 
2.907100e+01 9.118760e+01 6.106504e+00 7.777305e+01  2.141263e+01  1.069688e+01 -4.661140e+01 1.399938e+01 1.208261e+02 -9.238833e+01 4.574455e-01 6.386174e-01 1.114538e+00 0.000000e+00 0.000000e+00 
3.007000e+01 9.118760e+01 6.259628e+00 7.777727e+01  2.230899e+01  1.140382e+01 -4.739501e+01 1.448763e+01 1.209461e+02 -9.177266e+01 4.574194e-01 6.386447e-01 1.114535e+00 0.000000e+00 0.000000e+00 
3.106900e+01 9.118760e+01 6.408869e+00 7.778161e+01  2.320494e+01  1.211885e+01 -4.818839e+01 1.500502e+01 1.210674e+02 -9.112496e+01 4.573938e-01 6.386730e-01 1.114531e+00 0.000000e+00 0.000000e+00 
3.206800e+01 9.118760e+01 6.554620e+00 7.778607e+01  2.410046e+01  1.284125e+01 -4.899087e+01 1.554944e+01 1.211900e+02 -9.044449e+01 4.573689e-01 6.387020e-01 1.114528e+00 0.000000e+00 0.000000e+00 
3.306700e+01 9.118760e+01 6.697219e+00 7.779064e+01  2.499554e+01  1.357037e+01 -4.980178e+01 1.611973e+01 1.213137e+02 -8.973051e+01 4.573444e-01 6.387319e-01 1.114525e+00 0.000000e+00 0.000000e+00 
3.406600e+01 9.118760e+01 6.837081e+00 7.779532e+01  2.589017e+01  1.430560e+01 -5.062057e+01 1.671517e+01 1.214385e+02 -8.898232e+01 4.573204e-01 6.387627e-01 1.114521e+00 0.000000e+00 0.000000e+00 
3.506500e+01 9.118760e+01 6.974482e+00 7.780011e+01  2.678434e+01  1.504641e+01 -5.144669e+01 1.733539e+01 1.215643e+02 -8.819918e+01 4.572968e-01 6.387943e-01 1.114518e+00 0.000000e+00 0.000000e+00 
3.606400e+01 9.118760e+01 7.109466e+00 7.780503e+01  2.767804e+01  1.579227e+01 -5.227966e+01 1.798017e+01 1.216909e+02 -8.936091e+01 4.572735e-01 6.388269e-01 1.114515e+00 0.000000e+00 0.000000e+00 
3.706300e+01 9.118760e+01 7.232616e+00 7.781002e+01  2.857129e+01  1.654278e+01 -5.311898e+01 1.864967e+01 1.218181e+02 -9.121783e+01 4.572509e-01 6.388590e-01 1.114512e+00 0.000000e+00 0.000000e+00 
3.806200e+01 9.118760e+01 7.360063e+00 7.781514e+01  2.946404e+01  1.729744e+01 -5.396430e+01 1.934365e+01 1.219462e+02 -9.209163e+01 4.572285e-01 6.388924e-01 1.114508e+00 0.000000e+00 0.000000e+00 
3.906100e+01 9.118760e+01 7.487004e+00 7.782039e+01  3.035626e+01  1.805584e+01 -5.481526e+01 2.006224e+01 1.220752e+02 -9.264703e+01 4.572063e-01 6.389270e-01 1.114505e+00 0.000000e+00 0.000000e+00 
4.006000e+01 9.118760e+01 7.613409e+00 7.782577e+01  3.124797e+01  1.881763e+01 -5.567149e+01 2.080565e+01 1.222049e+02 -9.302482e+01 4.571843e-01 6.389626e-01 1.114502e+00 0.000000e+00 0.000000e+00 
4.105900e+01 9.118760e+01 7.739337e+00 7.783128e+01  3.213913e+01  1.958246e+01 -5.653268e+01 2.157409e+01 1.223354e+02 -9.328307e+01 4.571625e-01 6.389993e-01 1.114498e+00 0.000000e+00 0.000000e+00 
4.205800e+01 9.118760e+01 7.864918e+00 7.783693e+01  3.302975e+01  2.035001e+01 -5.739853e+01 2.236784e+01 1.224667e+02 -9.345209e+01 4.571408e-01 6.390371e-01 1.114495e+00 0.000000e+00 0.000000e+00 
4.305700e+01 9.118760e+01 7.990189e+00 7.784271e+01  3.391980e+01  2.111999e+01 -5.826878e+01 2.318715e+01 1.225986e+02 -9.354990e+01 4.571193e-01 6.390759e-01 1.114492e+00 0.000000e+00 0.000000e+00 
4.405600e+01 9.118760e+01 8.115458e+00 7.784863e+01  3.480928e+01  2.189211e+01 -5.914317e+01 2.403232e+01 1.227313e+02 -9.358813e+01 4.570979e-01 6.391158e-01 1.114488e+00 0.000000e+00 0.000000e+00 
4.505500e+01 9.118760e+01 8.240879e+00 7.785469e+01  3.569816e+01  2.266613e+01 -6.002147e+01 2.490366e+01 1.228646e+02 -9.357474e+01 4.570765e-01 6.391568e-01 1.114485e+00 0.000000e+00 0.000000e+00 
4.605400e+01 9.118760e+01 8.366459e+00 7.786089e+01  3.658645e+01  2.344180e+01 -6.090346e+01 2.580146e+01 1.229987e+02 -9.351544e+01 4.570553e-01 6.391989e-01 1.114482e+00 0.000000e+00 0.000000e+00 
4.705300e+01 9.118760e+01 8.492396e+00 7.786724e+01  3.747412e+01  2.421889e+01 -6.178896e+01 2.672604e+01 1.231334e+02 -9.341441e+01 4.570341e-01 6.392421e-01 1.114478e+00 0.000000e+00 0.000000e+00 
4.805200e+01 9.118760e+01 8.618850e+00 7.787374e+01  3.836115e+01  2.499719e+01 -6.267777e+01 2.767772e+01 1.232689e+02 -9.327482e+01 4.570129e-01 6.392865e-01 1.114475e+00 0.000000e+00 0.000000e+00 
4.905100e+01 9.118760e+01 8.745960e+00 7.788039e+01  3.924754e+01  2.577650e+01 -6.356972e+01 2.865678e+01 1.234050e+02 -9.309915e+01 4.569917e-01 6.393321e-01 1.114471e+00 0.000000e+00 0.000000e+00 
5.005000e+01 9.118760e+01 8.873783e+00 7.788719e+01  4.013328e+01  2.655662e+01 -6.446466e+01 2.966353e+01 1.235418e+02 -9.288930e+01 4.569706e-01 6.393789e-01 1.114468e+00 0.000000e+00 0.000000e+00 
5.104900e+01 9.118760e+01 9.002463e+00 7.789415e+01  4.101834e+01  2.733739e+01 -6.536243e+01 2.632638e+01 1.236794e+02 -9.264682e+01 4.569494e-01 6.394269e-01 1.114464e+00 0.000000e+00 0.000000e+00 
5.204800e+01 9.118760e+01 8.584052e+00 7.787353e+01  4.191653e+01  2.814232e+01 -6.624721e+01 2.526456e+01 1.237295e+02 -9.218231e+01 4.569753e-01 6.392595e-01 1.114472e+00 0.000000e+00 0.000000e+00 
5.304700e+01 9.118760e+01 8.442350e+00 7.786722e+01  4.280725e+01  2.893607e+01 -6.714281e+01 2.466833e+01 1.238250e+02 -9.178359e+01 4.569771e-01 6.392038e-01 1.114474e+00 0.000000e+00 0.000000e+00 
5.404600e+01 9.118760e+01 8.359155e+00 7.786388e+01  4.369599e+01  2.972787e+01 -6.804258e+01 2.430056e+01 1.239299e+02 -9.137398e+01 4.569741e-01 6.391713e-01 1.114475e+00 0.000000e+00 0.000000e+00 
5.504500e+01 9.118760e+01 8.303721e+00 7.786200e+01  4.458347e+01  3.051883e+01 -6.894551e+01 2.407789e+01 1.240395e+02 -9.094391e+01 4.569688e-01 6.391503e-01 1.114475e+00 0.000000e+00 0.000000e+00 
5.604400e+01 9.118760e+01 8.265289e+00 7.786105e+01  4.546993e+01  3.130923e+01 -6.985118e+01 2.395961e+01 1.241522e+02 -9.049030e+01 4.569622e-01 6.391364e-01 1.114475e+00 0.000000e+00 0.000000e+00 
5.704300e+01 9.118760e+01 8.238592e+00 7.786076e+01  4.635549e+01  3.209916e+01 -7.075933e+01 2.056919e+01 1.242670e+02 -9.001184e+01 4.569546e-01 6.391278e-01 1.114474e+00 0.000000e+00 0.000000e+00 
5.804200e+01 9.118760e+01 8.227544e+00 7.786098e+01  4.724021e+01  3.288861e+01 -7.166979e+01 1.892663e+01 1.243836e+02 -9.230986e+01 4.569463e-01 6.391232e-01 1.114474e+00 0.000000e+00 0.000000e+00 
5.904100e+01 9.118760e+01 7.690659e+00 7.783568e+01  4.813821e+01  3.370228e+01 -7.256877e+01 1.765315e+01 1.244177e+02 -9.477944e+01 4.569815e-01 6.389192e-01 1.114484e+00 0.000000e+00 0.000000e+00 
6.004000e+01 9.118760e+01 7.452482e+00 7.782523e+01  4.902778e+01  3.450206e+01 -7.347760e+01 1.660928e+01 1.244997e+02 -9.623591e+01 4.569918e-01 6.388312e-01 1.114488e+00 0.000000e+00 0.000000e+00 
6.103900e+01 9.118760e+01 7.253693e+00 7.781725e+01  4.991555e+01  3.529949e+01 -7.438955e+01 1.570215e+01 1.245892e+02 -9.734522e+01 4.569982e-01 6.387613e-01 1.114491e+00 0.000000e+00 0.000000e+00 
6.203800e+01 9.118760e+01 7.084734e+00 7.781059e+01  5.080206e+01  3.609536e+01 -7.530397e+01 1.489227e+01 1.246831e+02 -9.826291e+01 4.570025e-01 6.387021e-01 1.114493e+00 0.000000e+00 0.000000e+00 
6.303700e+01 9.118760e+01 6.933173e+00 7.780480e+01  5.168752e+01  3.689001e+01 -7.622052e+01 1.415667e+01 1.247798e+02 -9.905500e+01 4.570054e-01 6.386500e-01 1.114495e+00 0.000000e+00 0.000000e+00 
6.403600e+01 9.118760e+01 6.793432e+00 7.779964e+01  5.257207e+01  3.768357e+01 -7.713901e+01 1.348033e+01 1.248786e+02 -9.975667e+01 4.570073e-01 6.386028e-01 1.114497e+00 0.000000e+00 0.000000e+00 
6.503500e+01 9.118760e+01 6.662270e+00 7.779495e+01  5.345576e+01  3.847608e+01 -7.805928e+01 1.285277e+01 1.249790e+02 -1.003893e+02 4.570086e-01 6.385594e-01 1.114498e+00 0.000000e+00 0.000000e+00 
6.603400e+01 9.118760e+01 6.537700e+00 7.779065e+01  5.433863e+01  3.926754e+01 -7.898122e+01 1.226629e+01 1.250806e+02 -1.009669e+02 4.570094e-01 6.385190e-01 1.114500e+00 0.000000e+00 0.000000e+00 
6.703300e+01 9.118760e+01 6.418312e+00 7.778665e+01  5.522071e+01  4.005792e+01 -7.990475e+01 1.171504e+01 1.251832e+02 -1.014995e+02 4.570097e-01 6.384811e-01 1.114501e+00 0.000000e+00 0.000000e+00 
6.803200e+01 9.118760e+01 6.303040e+00 7.778292e+01  5.610200e+01  4.084719e+01 -8.082978e+01 1.119441e+01 1.252867e+02 -1.019942e+02 4.570097e-01 6.384452e-01 1.114502e+00 0.000000e+00 0.000000e+00 
6.903100e+01 9.118760e+01 6.191159e+00 7.777941e+01  5.698252e+01  4.163528e+01 -8.175623e+01 1.070075e+01 1.253909e+02 -1.024564e+02 4.570095e-01 6.384111e-01 1.114503e+00 0.000000e+00 0.000000e+00 
7.003000e+01 9.118760e+01 6.082067e+00 7.777609e+01  5.786227e+01  4.242216e+01 -8.268404e+01 1.023105e+01 1.254958e+02 -1.028906e+02 4.570091e-01 6.383785e-01 1.114504e+00 0.000000e+00 0.000000e+00 
7.102900e+01 9.118760e+01 5.975253e+00 7.777294e+01  5.874125e+01  4.320776e+01 -8.361317e+01 9.782849e+00 1.256012e+02 -1.032999e+02 4.570085e-01 6.383473e-01 1.114505e+00 0.000000e+00 0.000000e+00 
7.202800e+01 9.118760e+01 5.870393e+00 7.776995e+01  5.961945e+01  4.399203e+01 -8.454354e+01 9.354050e+00 1.257072e+02 -1.036873e+02 4.570077e-01 6.383172e-01 1.114506e+00 0.000000e+00 0.000000e+00 
7.302700e+01 9.118760e+01 5.767166e+00 7.776709e+01  6.049687e+01  4.477490e+01 -8.547511e+01 8.942885e+00 1.258136e+02 -1.040550e+02 4.570068e-01 6.382883e-01 1.114507e+00 0.000000e+00 0.000000e+00 
7.402600e+01 9.118760e+01 5.665284e+00 7.776435e+01  6.137351e+01  4.555631e+01 -8.640785e+01 8.547844e+00 1.259205e+02 -1.044048e+02 4.570058e-01 6.382602e-01 1.114508e+00 0.000000e+00 0.000000e+00 
7.502500e+01 9.118760e+01 5.564514e+00 7.776172e+01  6.224936e+01  4.633620e+01 -8.734169e+01 8.175964e+00 1.260277e+02 -1.047384e+02 4.570048e-01 6.382331e-01 1.114509e+00 0.000000e+00 0.000000e+00 
7.602400e+01 9.118760e+01 5.464747e+00 7.775920e+01  6.312441e+01  4.711452e+01 -8.827661e+01 7.825376e+00 1.261353e+02 -1.050571e+02 4.570036e-01 6.382067e-01 1.114510e+00 0.000000e+00 0.000000e+00 
7.702300e+01 9.118760e+01 5.365777e+00 7.775676e+01  6.399866e+01  4.789119e+01 -8.921257e+01 7.492048e+00 1.262433e+02 -1.053622e+02 4.570024e-01 6.381811e-01 1.114510e+00 0.000000e+00 0.000000e+00 
7.802200e+01 9.118760e+01 5.267639e+00 7.775443e+01  6.487207e+01  4.866615e+01 -9.014954e+01 7.174069e+00 1.263516e+02 -1.056548e+02 4.570011e-01 6.381562e-01 1.114511e+00 0.000000e+00 0.000000e+00 
7.902100e+01 9.118760e+01 5.171565e+00 7.775224e+01  6.574462e+01  4.943924e+01 -9.108750e+01 6.870079e+00 1.264604e+02 -1.059361e+02 4.569997e-01 6.381325e-01 1.114512e+00 0.000000e+00 0.000000e+00 
8.002000e+01 9.118760e+01 5.076823e+00 7.775017e+01  6.661630e+01  5.021046e+01 -9.202641e+01 6.578945e+00 1.265696e+02 -1.062067e+02 4.569982e-01 6.381097e-01 1.114512e+00 0.000000e+00 0.000000e+00 
8.101900e+01 9.118760e+01 4.982963e+00 7.774819e+01  6.748711e+01  5.097974e+01 -9.296625e+01 6.299714e+00 1.266791e+02 -1.064674e+02 4.569965e-01 6.380876e-01 1.114513e+00 0.000000e+00 0.000000e+00 
8.201800e+01 9.118760e+01 4.889978e+00 7.774630e+01  6.835704e+01  5.174703e+01 -9.390697e+01 6.031574e+00 1.267890e+02 -1.067187e+02 4.569948e-01 6.380663e-01 1.114513e+00 0.000000e+00 0.000000e+00 
8.301700e+01 9.118760e+01 4.797570e+00 7.774449e+01  6.922609e+01  5.251228e+01 -9.484855e+01 5.773813e+00 1.268992e+02 -1.069611e+02 4.569931e-01 6.380455e-01 1.114514e+00 0.000000e+00 0.000000e+00 
8.401600e+01 9.118760e+01 4.705662e+00 7.774275e+01  7.009424e+01  5.327543e+01 -9.579096e+01 5.525803e+00 1.270096e+02 -1.071952e+02 4.569913e-01 6.380253e-01 1.114514e+00 0.000000e+00 0.000000e+00 
8.501500e+01 9.118760e+01 4.614136e+00 7.774108e+01  7.096149e+01  5.403640e+01 -9.673417e+01 5.286976e+00 1.271203e+02 -1.074214e+02 4.569895e-01 6.380057e-01 1.114515e+00 0.000000e+00 0.000000e+00 
8.601400e+01 9.118760e+01 4.522999e+00 7.773948e+01  7.182782e+01  5.479515e+01 -9.767817e+01 5.056824e+00 1.272312e+02 -1.076402e+02 4.569877e-01 6.379865e-01 1.114515e+00 0.000000e+00 0.000000e+00 
8.701300e+01 9.118760e+01 4.432092e+00 7.773793e+01  7.269322e+01  5.555161e+01 -9.862292e+01 4.834887e+00 1.273423e+02 -1.078518e+02 4.569858e-01 6.379678e-01 1.114516e+00 0.000000e+00 0.000000e+00 
8.801200e+01 9.118760e+01 4.341397e+00 7.773643e+01  7.355768e+01  5.630572e+01 -9.956841e+01 4.620742e+00 1.274537e+02 -1.080568e+02 4.569839e-01 6.379495e-01 1.114516e+00 0.000000e+00 0.000000e+00 
8.901100e+01 9.118760e+01 4.250878e+00 7.773499e+01  7.442118e+01  5.705741e+01 -1.005146e+02 4.414007e+00 1.275652e+02 -1.082553e+02 4.569820e-01 6.379317e-01 1.114517e+00 0.000000e+00 0.000000e+00 
9.001000e+01 9.118760e+01 4.160404e+00 7.773360e+01  7.528372e+01  5.780663e+01 -1.014615e+02 4.214325e+00 1.276770e+02 -1.084477e+02 4.569800e-01 6.379142e-01 1.114517e+00 0.000000e+00 0.000000e+00 
9.100900e+01 9.118760e+01 4.070030e+00 7.773226e+01  7.614527e+01  5.855331e+01 -1.024091e+02 4.021377e+00 1.277889e+02 -1.086343e+02 4.569781e-01 6.378971e-01 1.114517e+00 0.000000e+00 0.000000e+00 
9.200800e+01 9.118760e+01 3.979659e+00 7.773096e+01  7.700583e+01  5.929739e+01 -1.033573e+02 3.834855e+00 1.279010e+02 -1.088152e+02 4.569761e-01 6.378803e-01 1.114518e+00 0.000000e+00 0.000000e+00 
9.300700e+01 9.118760e+01 3.889301e+00 7.772970e+01  7.786539e+01  6.003880e+01 -1.043062e+02 3.654484e+00 1.280133e+02 -1.089909e+02 4.569742e-01 6.378639e-01 1.114518e+00 0.000000e+00 0.000000e+00 
9.400600e+01 9.118760e+01 3.798896e+00 7.772848e+01  7.872392e+01  6.077748e+01 -1.052557e+02 3.480001e+00 1.281257e+02 -1.091614e+02 4.569722e-01 6.378478e-01 1.114518e+00 0.000000e+00 0.000000e+00 
9.500500e+01 9.118760e+01 3.708393e+00 7.772730e+01  7.958141e+01  6.151337e+01 -1.062059e+02 3.311171e+00 1.282382e+02 -1.093270e+02 4.569702e-01 6.378320e-01 1.114519e+00 0.000000e+00 0.000000e+00 
9.600400e+01 9.118760e+01 3.617820e+00 7.772616e+01  8.043786e+01  6.224640e+01 -1.071566e+02 3.147760e+00 1.283509e+02 -1.094879e+02 4.569683e-01 6.378165e-01 1.114519e+00 0.000000e+00 0.000000e+00 
9.700300e+01 9.118760e+01 3.527113e+00 7.772505e+01  8.129324e+01  6.297651e+01 -1.081079e+02 2.989564e+00 1.284638e+02 -1.096443e+02 4.569663e-01 6.378012e-01 1.114519e+00 0.000000e+00 0.000000e+00 
9.800200e+01 9.118760e+01 3.436279e+00 7.772398e+01  8.214754e+01  6.370363e+01 -1.090597e+02 2.836383e+00 1.285767e+02 -1.097962e+02 4.569643e-01 6.377862e-01 1.114520e+00 0.000000e+00 0.000000e+00 
9.900100e+01 9.118760e+01 3.345250e+00 7.772294e+01  8.300074e+01  6.442769e+01 -1.100121e+02 2.688030e+00 1.286898e+02 -1.099440e+02 4.569623e-01 6.377715e-01 1.114520e+00 0.000000e+00 0.000000e+00 
1.000000e+02 9.118760e+01 3.254048e+00 7.772193e+01  8.385284e+01  6.514864e+01 -1.109651e+02 2.544326e+00 1.288030e+02 -1.100877e+02 4.569604e-01 6.377570e-01 1.114520e+00 0.000000e+00 0.000000e+00 




# m0=2.650000e+03 mt=1.735000e+02 a_s(M_Z)=1.187000e-01 mb(mb)=4.180000e+00
# m12=3.000000e+02 a0=0.000000e+00 tanb=1.000000e+01
# mu(MSUSY)    MZ          (MZ:P/E^2   ) MW(MW)      mch(1)         mneut(1)      mneut(2)     PIZZT(MZ)    PIWWT(0)      PIWWT(MW)    g1(MZ)       g2(MZ)       g3(MZ)       t1/v1        t2/v2
5.000000e+01 9.118760e+01 8.867392e+00 7.788685e+01  4.008896e+01  2.651756e+01 -6.441979e+01 2.961248e+01 1.235350e+02 -9.290059e+01 4.569716e-01 6.393765e-01 1.114468e+00 0.000000e+00 0.000000e+00 
5.010000e+01 9.118760e+01 8.880206e+00 7.788754e+01  4.017759e+01  2.659569e+01 -6.450952e+01 2.971465e+01 1.235487e+02 -9.287793e+01 4.569695e-01 6.393813e-01 1.114467e+00 0.000000e+00 0.000000e+00 
5.020000e+01 9.118760e+01 8.893051e+00 7.788823e+01  4.026621e+01  2.667382e+01 -6.459928e+01 2.879428e+01 1.235625e+02 -9.285494e+01 4.569674e-01 6.393860e-01 1.114467e+00 0.000000e+00 0.000000e+00 
5.030000e+01 9.118760e+01 8.905913e+00 7.788892e+01  4.035483e+01  2.675196e+01 -6.468906e+01 2.815551e+01 1.235762e+02 -9.283162e+01 4.569653e-01 6.393908e-01 1.114467e+00 0.000000e+00 0.000000e+00 
5.040000e+01 9.118760e+01 8.918788e+00 7.788962e+01  4.044344e+01  2.683010e+01 -6.477888e+01 2.774342e+01 1.235900e+02 -9.280799e+01 4.569632e-01 6.393956e-01 1.114466e+00 0.000000e+00 0.000000e+00 
5.050000e+01 9.118760e+01 8.931663e+00 7.789031e+01  4.053204e+01  2.690825e+01 -6.486872e+01 2.742520e+01 1.236037e+02 -9.278403e+01 4.569611e-01 6.394004e-01 1.114466e+00 0.000000e+00 0.000000e+00 
5.060000e+01 9.118760e+01 8.944507e+00 7.789101e+01  4.062063e+01  2.698641e+01 -6.495858e+01 2.716203e+01 1.236175e+02 -9.275975e+01 4.569589e-01 6.394052e-01 1.114466e+00 0.000000e+00 0.000000e+00 
5.070000e+01 9.118760e+01 8.957415e+00 7.789171e+01  4.070922e+01  2.706457e+01 -6.504848e+01 2.693610e+01 1.236313e+02 -9.273515e+01 4.569568e-01 6.394100e-01 1.114465e+00 0.000000e+00 0.000000e+00 
5.080000e+01 9.118760e+01 8.970342e+00 7.789241e+01  4.079780e+01  2.714273e+01 -6.513840e+01 2.673753e+01 1.236450e+02 -9.271024e+01 4.569547e-01 6.394148e-01 1.114465e+00 0.000000e+00 0.000000e+00 
5.090000e+01 9.118760e+01 8.983210e+00 7.789311e+01  4.088637e+01  2.722090e+01 -6.522835e+01 2.656012e+01 1.236588e+02 -9.268500e+01 4.569526e-01 6.394197e-01 1.114464e+00 0.000000e+00 0.000000e+00 
5.100000e+01 9.118760e+01 8.996131e+00 7.789381e+01  4.097494e+01  2.729908e+01 -6.531833e+01 2.639971e+01 1.236726e+02 -9.265945e+01 4.569505e-01 6.394245e-01 1.114464e+00 0.000000e+00 0.000000e+00 
5.110000e+01 9.118760e+01 9.017216e+00 7.789450e+01  4.106350e+01  2.737726e+01 -6.540833e+01 2.625331e+01 1.236864e+02 -9.263352e+01 4.569483e-01 6.394294e-01 1.114464e+00 0.000000e+00 0.000000e+00 
5.120000e+01 9.118760e+01 8.943424e+00 7.789014e+01  4.115453e+01  2.745966e+01 -6.549550e+01 2.611444e+01 1.236842e+02 -9.257276e+01 4.569548e-01 6.393950e-01 1.114465e+00 0.000000e+00 0.000000e+00 
5.130000e+01 9.118760e+01 8.837160e+00 7.788537e+01  4.124580e+01  2.754250e+01 -6.558242e+01 2.598559e+01 1.236806e+02 -9.250868e+01 4.569620e-01 6.393570e-01 1.114467e+00 0.000000e+00 0.000000e+00 
5.140000e+01 9.118760e+01 8.777702e+00 7.788259e+01  4.133607e+01  2.762368e+01 -6.567052e+01 2.586725e+01 1.236833e+02 -9.245788e+01 4.569658e-01 6.393345e-01 1.114468e+00 0.000000e+00 0.000000e+00 
5.150000e+01 9.118760e+01 8.733345e+00 7.788050e+01  4.142600e+01  2.770427e+01 -6.575904e+01 2.575727e+01 1.236883e+02 -9.241151e+01 4.569684e-01 6.393175e-01 1.114469e+00 0.000000e+00 0.000000e+00 
5.160000e+01 9.118760e+01 8.697172e+00 7.787880e+01  4.151574e+01  2.778455e+01 -6.584782e+01 2.565453e+01 1.236944e+02 -9.236747e+01 4.569704e-01 6.393036e-01 1.114470e+00 0.000000e+00 0.000000e+00 
5.170000e+01 9.118760e+01 8.666387e+00 7.787735e+01  4.160534e+01  2.786462e+01 -6.593677e+01 2.555821e+01 1.237014e+02 -9.232487e+01 4.569719e-01 6.392916e-01 1.114470e+00 0.000000e+00 0.000000e+00 
5.180000e+01 9.118760e+01 8.639452e+00 7.787609e+01  4.169485e+01  2.794454e+01 -6.602585e+01 2.546764e+01 1.237090e+02 -9.228321e+01 4.569732e-01 6.392811e-01 1.114471e+00 0.000000e+00 0.000000e+00 
5.190000e+01 9.118760e+01 8.615453e+00 7.787498e+01  4.178428e+01  2.802436e+01 -6.611504e+01 2.538229e+01 1.237170e+02 -9.224221e+01 4.569742e-01 6.392717e-01 1.114471e+00 0.000000e+00 0.000000e+00 
5.200000e+01 9.118760e+01 8.593753e+00 7.787397e+01  4.187365e+01  2.810408e+01 -6.620432e+01 2.530168e+01 1.237254e+02 -9.220166e+01 4.569750e-01 6.392633e-01 1.114472e+00 0.000000e+00 0.000000e+00 
5.210000e+01 9.118760e+01 8.573960e+00 7.787306e+01  4.196297e+01  2.818373e+01 -6.629369e+01 2.522543e+01 1.237340e+02 -9.216142e+01 4.569756e-01 6.392555e-01 1.114472e+00 0.000000e+00 0.000000e+00 
5.220000e+01 9.118760e+01 8.555779e+00 7.787223e+01  4.205225e+01  2.826333e+01 -6.638312e+01 2.515319e+01 1.237430e+02 -9.212140e+01 4.569761e-01 6.392484e-01 1.114472e+00 0.000000e+00 0.000000e+00 
5.230000e+01 9.118760e+01 8.538947e+00 7.787147e+01  4.214149e+01  2.834288e+01 -6.647262e+01 2.508467e+01 1.237521e+02 -9.208153e+01 4.569765e-01 6.392418e-01 1.114473e+00 0.000000e+00 0.000000e+00 
5.240000e+01 9.118760e+01 8.523284e+00 7.787076e+01  4.223070e+01  2.842238e+01 -6.656218e+01 2.501960e+01 1.237614e+02 -9.204173e+01 4.569768e-01 6.392356e-01 1.114473e+00 0.000000e+00 0.000000e+00 
5.250000e+01 9.118760e+01 8.508639e+00 7.787011e+01  4.231988e+01  2.850185e+01 -6.665179e+01 2.495775e+01 1.237709e+02 -9.200196e+01 4.569771e-01 6.392299e-01 1.114473e+00 0.000000e+00 0.000000e+00 
5.260000e+01 9.118760e+01 8.494893e+00 7.786950e+01  4.240903e+01  2.858128e+01 -6.674145e+01 2.489892e+01 1.237805e+02 -9.196218e+01 4.569772e-01 6.392245e-01 1.114473e+00 0.000000e+00 0.000000e+00 
5.270000e+01 9.118760e+01 8.482028e+00 7.786893e+01  4.249815e+01  2.866069e+01 -6.683116e+01 2.484292e+01 1.237903e+02 -9.192237e+01 4.569773e-01 6.392194e-01 1.114473e+00 0.000000e+00 0.000000e+00 
5.280000e+01 9.118760e+01 8.469781e+00 7.786840e+01  4.258725e+01  2.874008e+01 -6.692092e+01 2.478958e+01 1.238001e+02 -9.188250e+01 4.569773e-01 6.392146e-01 1.114474e+00 0.000000e+00 0.000000e+00 
5.290000e+01 9.118760e+01 8.458284e+00 7.786790e+01  4.267633e+01  2.881944e+01 -6.701073e+01 2.473876e+01 1.238101e+02 -9.184254e+01 4.569773e-01 6.392100e-01 1.114474e+00 0.000000e+00 0.000000e+00 
5.300000e+01 9.118760e+01 8.447319e+00 7.786743e+01  4.276539e+01  2.889878e+01 -6.710057e+01 2.469032e+01 1.238202e+02 -9.180247e+01 4.569772e-01 6.392057e-01 1.114474e+00 0.000000e+00 0.000000e+00 
5.310000e+01 9.118760e+01 8.436931e+00 7.786699e+01  4.285444e+01  2.897811e+01 -6.719046e+01 2.464413e+01 1.238304e+02 -9.176228e+01 4.569770e-01 6.392017e-01 1.114474e+00 0.000000e+00 0.000000e+00 
5.320000e+01 9.118760e+01 8.427034e+00 7.786658e+01  4.294346e+01  2.905742e+01 -6.728038e+01 2.460008e+01 1.238406e+02 -9.172195e+01 4.569769e-01 6.391978e-01 1.114474e+00 0.000000e+00 0.000000e+00 
5.330000e+01 9.118760e+01 8.417640e+00 7.786619e+01  4.303247e+01  2.913671e+01 -6.737034e+01 2.455807e+01 1.238509e+02 -9.168148e+01 4.569767e-01 6.391941e-01 1.114474e+00 0.000000e+00 0.000000e+00 
5.340000e+01 9.118760e+01 8.408622e+00 7.786582e+01  4.312146e+01  2.921599e+01 -6.746034e+01 2.451800e+01 1.238613e+02 -9.164084e+01 4.569764e-01 6.391906e-01 1.114474e+00 0.000000e+00 0.000000e+00 
5.350000e+01 9.118760e+01 8.400022e+00 7.786547e+01  4.321043e+01  2.929526e+01 -6.755038e+01 2.447978e+01 1.238718e+02 -9.160004e+01 4.569761e-01 6.391872e-01 1.114474e+00 0.000000e+00 0.000000e+00 
5.360000e+01 9.118760e+01 8.391814e+00 7.786514e+01  4.329939e+01  2.937451e+01 -6.764045e+01 2.444334e+01 1.238823e+02 -9.155906e+01 4.569758e-01 6.391840e-01 1.114474e+00 0.000000e+00 0.000000e+00 
5.370000e+01 9.118760e+01 8.383966e+00 7.786483e+01  4.338834e+01  2.945376e+01 -6.773056e+01 2.440860e+01 1.238929e+02 -9.151790e+01 4.569755e-01 6.391809e-01 1.114475e+00 0.000000e+00 0.000000e+00 
5.380000e+01 9.118760e+01 8.376431e+00 7.786454e+01  4.347727e+01  2.953299e+01 -6.782070e+01 2.437549e+01 1.239035e+02 -9.147655e+01 4.569751e-01 6.391780e-01 1.114475e+00 0.000000e+00 0.000000e+00 
5.390000e+01 9.118760e+01 8.369168e+00 7.786426e+01  4.356619e+01  2.961222e+01 -6.791087e+01 2.434394e+01 1.239142e+02 -9.143500e+01 4.569747e-01 6.391752e-01 1.114475e+00 0.000000e+00 0.000000e+00 
5.400000e+01 9.118760e+01 8.362229e+00 7.786400e+01  4.365509e+01  2.969144e+01 -6.800107e+01 2.431389e+01 1.239249e+02 -9.139325e+01 4.569743e-01 6.391725e-01 1.114475e+00 0.000000e+00 0.000000e+00 
5.410000e+01 9.118760e+01 8.355575e+00 7.786375e+01  4.374399e+01  2.977065e+01 -6.809131e+01 2.428530e+01 1.239357e+02 -9.135129e+01 4.569739e-01 6.391699e-01 1.114475e+00 0.000000e+00 0.000000e+00 
5.420000e+01 9.118760e+01 8.349153e+00 7.786351e+01  4.383287e+01  2.984985e+01 -6.818157e+01 2.425810e+01 1.239465e+02 -9.130913e+01 4.569734e-01 6.391675e-01 1.114475e+00 0.000000e+00 0.000000e+00 
5.430000e+01 9.118760e+01 8.342986e+00 7.786329e+01  4.392174e+01  2.992904e+01 -6.827187e+01 2.423225e+01 1.239574e+02 -9.126674e+01 4.569729e-01 6.391651e-01 1.114475e+00 0.000000e+00 0.000000e+00 
5.440000e+01 9.118760e+01 8.337080e+00 7.786308e+01  4.401060e+01  3.000823e+01 -6.836220e+01 2.420769e+01 1.239683e+02 -9.122414e+01 4.569724e-01 6.391628e-01 1.114475e+00 0.000000e+00 0.000000e+00 
5.450000e+01 9.118760e+01 8.331381e+00 7.786289e+01  4.409944e+01  3.008741e+01 -6.845256e+01 2.418440e+01 1.239793e+02 -9.118131e+01 4.569719e-01 6.391606e-01 1.114475e+00 0.000000e+00 0.000000e+00 
5.460000e+01 9.118760e+01 8.325841e+00 7.786270e+01  4.418828e+01  3.016658e+01 -6.854294e+01 2.416232e+01 1.239902e+02 -9.113826e+01 4.569714e-01 6.391586e-01 1.114475e+00 0.000000e+00 0.000000e+00 
5.470000e+01 9.118760e+01 8.320556e+00 7.786253e+01  4.427710e+01  3.024575e+01 -6.863336e+01 2.414142e+01 1.240013e+02 -9.109499e+01 4.569708e-01 6.391566e-01 1.114475e+00 0.000000e+00 0.000000e+00 
5.480000e+01 9.118760e+01 8.315460e+00 7.786236e+01  4.436592e+01  3.032491e+01 -6.872380e+01 2.412167e+01 1.240123e+02 -9.105148e+01 4.569703e-01 6.391546e-01 1.114475e+00 0.000000e+00 0.000000e+00 
5.490000e+01 9.118760e+01 8.310544e+00 7.786221e+01  4.445472e+01  3.040406e+01 -6.881427e+01 2.410302e+01 1.240234e+02 -9.100774e+01 4.569697e-01 6.391528e-01 1.114475e+00 0.000000e+00 0.000000e+00 
5.500000e+01 9.118760e+01 8.305802e+00 7.786206e+01  4.454352e+01  3.048321e+01 -6.890477e+01 2.408545e+01 1.240345e+02 -9.096378e+01 4.569691e-01 6.391510e-01 1.114475e+00 0.000000e+00 0.000000e+00 
5.510000e+01 9.118760e+01 8.301249e+00 7.786193e+01  4.463230e+01  3.056236e+01 -6.899530e+01 2.406893e+01 1.240457e+02 -9.091956e+01 4.569685e-01 6.391493e-01 1.114475e+00 0.000000e+00 0.000000e+00 
5.520000e+01 9.118760e+01 8.296840e+00 7.786180e+01  4.472107e+01  3.064150e+01 -6.908585e+01 2.405342e+01 1.240568e+02 -9.087512e+01 4.569679e-01 6.391477e-01 1.114475e+00 0.000000e+00 0.000000e+00 
5.530000e+01 9.118760e+01 8.292532e+00 7.786168e+01  4.480983e+01  3.072063e+01 -6.917643e+01 2.403890e+01 1.240680e+02 -9.083043e+01 4.569672e-01 6.391461e-01 1.114475e+00 0.000000e+00 0.000000e+00 
5.540000e+01 9.118760e+01 8.288483e+00 7.786157e+01  4.489859e+01  3.079976e+01 -6.926704e+01 2.402535e+01 1.240793e+02 -9.078550e+01 4.569666e-01 6.391447e-01 1.114475e+00 0.000000e+00 0.000000e+00 
5.550000e+01 9.118760e+01 8.284507e+00 7.786147e+01  4.498733e+01  3.087888e+01 -6.935768e+01 2.401274e+01 1.240905e+02 -9.074033e+01 4.569659e-01 6.391432e-01 1.114475e+00 0.000000e+00 0.000000e+00 
5.560000e+01 9.118760e+01 8.280685e+00 7.786138e+01  4.507607e+01  3.095800e+01 -6.944834e+01 2.400104e+01 1.241018e+02 -9.069492e+01 4.569653e-01 6.391419e-01 1.114475e+00 0.000000e+00 0.000000e+00 
5.570000e+01 9.118760e+01 8.277024e+00 7.786129e+01  4.516479e+01  3.103712e+01 -6.953902e+01 2.399023e+01 1.241131e+02 -9.064926e+01 4.569646e-01 6.391405e-01 1.114475e+00 0.000000e+00 0.000000e+00 
5.580000e+01 9.118760e+01 8.273442e+00 7.786121e+01  4.525351e+01  3.111623e+01 -6.962974e+01 2.398030e+01 1.241244e+02 -9.060335e+01 4.569639e-01 6.391393e-01 1.114475e+00 0.000000e+00 0.000000e+00 
5.590000e+01 9.118760e+01 8.270068e+00 7.786114e+01  4.534221e+01  3.119533e+01 -6.972047e+01 2.397122e+01 1.241358e+02 -9.055720e+01 4.569632e-01 6.391381e-01 1.114475e+00 0.000000e+00 0.000000e+00 
5.600000e+01 9.118760e+01 8.266708e+00 7.786108e+01  4.543091e+01  3.127443e+01 -6.981123e+01 2.396298e+01 1.241472e+02 -9.051080e+01 4.569625e-01 6.391369e-01 1.114475e+00 0.000000e+00 0.000000e+00 
5.610000e+01 9.118760e+01 8.263536e+00 7.786102e+01  4.551960e+01  3.135353e+01 -6.990202e+01 2.395554e+01 1.241586e+02 -9.046415e+01 4.569618e-01 6.391358e-01 1.114475e+00 0.000000e+00 0.000000e+00 
5.620000e+01 9.118760e+01 8.260432e+00 7.786097e+01  4.560828e+01  3.143262e+01 -6.999283e+01 2.349398e+01 1.241700e+02 -9.041725e+01 4.569610e-01 6.391348e-01 1.114475e+00 0.000000e+00 0.000000e+00 
5.630000e+01 9.118760e+01 8.257516e+00 7.786092e+01  4.569695e+01  3.151170e+01 -7.008367e+01 2.272644e+01 1.241814e+02 -9.037009e+01 4.569603e-01 6.391338e-01 1.114475e+00 0.000000e+00 0.000000e+00 
5.640000e+01 9.118760e+01 8.254622e+00 7.786088e+01  4.578561e+01  3.159078e+01 -7.017453e+01 2.227575e+01 1.241929e+02 -9.032269e+01 4.569595e-01 6.391329e-01 1.114475e+00 0.000000e+00 0.000000e+00 
5.650000e+01 9.118760e+01 8.251851e+00 7.786085e+01  4.587426e+01  3.166986e+01 -7.026542e+01 2.191982e+01 1.242044e+02 -9.027503e+01 4.569588e-01 6.391320e-01 1.114475e+00 0.000000e+00 0.000000e+00 
5.660000e+01 9.118760e+01 8.249207e+00 7.786082e+01  4.596290e+01  3.174893e+01 -7.035632e+01 2.161537e+01 1.242159e+02 -9.022713e+01 4.569580e-01 6.391311e-01 1.114475e+00 0.000000e+00 0.000000e+00 
5.670000e+01 9.118760e+01 8.246644e+00 7.786080e+01  4.605154e+01  3.182800e+01 -7.044726e+01 2.134458e+01 1.242274e+02 -9.017897e+01 4.569572e-01 6.391303e-01 1.114474e+00 0.000000e+00 0.000000e+00 
5.680000e+01 9.118760e+01 8.244206e+00 7.786078e+01  4.614017e+01  3.190706e+01 -7.053821e+01 2.109805e+01 1.242389e+02 -9.013055e+01 4.569565e-01 6.391295e-01 1.114474e+00 0.000000e+00 0.000000e+00 
5.690000e+01 9.118760e+01 8.241847e+00 7.786077e+01  4.622878e+01  3.198612e+01 -7.062919e+01 2.087009e+01 1.242505e+02 -9.008188e+01 4.569557e-01 6.391288e-01 1.114474e+00 0.000000e+00 0.000000e+00 
5.700000e+01 9.118760e+01 8.239576e+00 7.786076e+01  4.631739e+01  3.206517e+01 -7.072020e+01 2.065696e+01 1.242620e+02 -9.003296e+01 4.569549e-01 6.391281e-01 1.114474e+00 0.000000e+00 0.000000e+00 
5.710000e+01 9.118760e+01 8.237390e+00 7.786076e+01  4.640599e+01  3.214422e+01 -7.081122e+01 2.045603e+01 1.242736e+02 -8.998378e+01 4.569541e-01 6.391275e-01 1.114474e+00 0.000000e+00 0.000000e+00 
5.720000e+01 9.118760e+01 8.235248e+00 7.786077e+01  4.649459e+01  3.222326e+01 -7.090227e+01 2.026539e+01 1.242852e+02 -8.993434e+01 4.569533e-01 6.391269e-01 1.114474e+00 0.000000e+00 0.000000e+00 
5.730000e+01 9.118760e+01 8.233896e+00 7.786078e+01  4.658317e+01  3.230230e+01 -7.099334e+01 2.008358e+01 1.242969e+02 -8.988466e+01 4.569525e-01 6.391263e-01 1.114474e+00 0.000000e+00 0.000000e+00 
5.740000e+01 9.118760e+01 8.232374e+00 7.786079e+01  4.667175e+01  3.238134e+01 -7.108444e+01 1.990947e+01 1.243085e+02 -8.983471e+01 4.569517e-01 6.391258e-01 1.114474e+00 0.000000e+00 0.000000e+00 
5.750000e+01 9.118760e+01 8.230839e+00 7.786081e+01  4.676031e+01  3.246037e+01 -7.117555e+01 1.974213e+01 1.243202e+02 -8.978450e+01 4.569508e-01 6.391253e-01 1.114474e+00 0.000000e+00 0.000000e+00 
5.760000e+01 9.118760e+01 8.229277e+00 7.786083e+01  4.684887e+01  3.253939e+01 -7.126669e+01 1.958084e+01 1.243318e+02 -8.973404e+01 4.569500e-01 6.391248e-01 1.114474e+00 0.000000e+00 0.000000e+00 
5.770000e+01 9.118760e+01 8.227828e+00 7.786086e+01  4.693742e+01  3.261841e+01 -7.135785e+01 1.942498e+01 1.243435e+02 -8.968332e+01 4.569492e-01 6.391244e-01 1.114474e+00 0.000000e+00 0.000000e+00 
5.780000e+01 9.118760e+01 8.226341e+00 7.786089e+01  4.702597e+01  3.269742e+01 -7.144904e+01 1.927405e+01 1.243552e+02 -9.090106e+01 4.569483e-01 6.391240e-01 1.114474e+00 0.000000e+00 0.000000e+00 
5.790000e+01 9.118760e+01 8.224756e+00 7.786093e+01  4.711450e+01  3.277643e+01 -7.154024e+01 1.912761e+01 1.243669e+02 -9.162448e+01 4.569475e-01 6.391237e-01 1.114474e+00 0.000000e+00 0.000000e+00 
5.800000e+01 9.118760e+01 8.223350e+00 7.786097e+01  4.720303e+01  3.285544e+01 -7.163147e+01 1.898528e+01 1.243787e+02 -9.212960e+01 4.569466e-01 6.391234e-01 1.114474e+00 0.000000e+00 0.000000e+00 
5.810000e+01 9.118760e+01 8.123730e+00 7.785538e+01  4.729457e+01  3.293970e+01 -7.171974e+01 1.883830e+01 1.243723e+02 -9.253260e+01 4.569553e-01 6.390792e-01 1.114476e+00 0.000000e+00 0.000000e+00 
5.820000e+01 9.118760e+01 8.028780e+00 7.785112e+01  4.738540e+01  3.302277e+01 -7.180873e+01 1.869711e+01 1.243701e+02 -9.287172e+01 4.569618e-01 6.390452e-01 1.114478e+00 0.000000e+00 0.000000e+00 
5.830000e+01 9.118760e+01 7.966142e+00 7.784824e+01  4.747549e+01  3.310455e+01 -7.189847e+01 1.856133e+01 1.243724e+02 -9.317073e+01 4.569659e-01 6.390221e-01 1.114479e+00 0.000000e+00 0.000000e+00 
5.840000e+01 9.118760e+01 7.915495e+00 7.784591e+01  4.756528e+01  3.318580e+01 -7.198853e+01 1.842949e+01 1.243765e+02 -9.344061e+01 4.569691e-01 6.390032e-01 1.114480e+00 0.000000e+00 0.000000e+00 
5.850000e+01 9.118760e+01 7.871730e+00 7.784390e+01  4.765490e+01  3.326676e+01 -7.207877e+01 1.830102e+01 1.243816e+02 -9.368804e+01 4.569717e-01 6.389868e-01 1.114481e+00 0.000000e+00 0.000000e+00 
5.860000e+01 9.118760e+01 7.832548e+00 7.784211e+01  4.774439e+01  3.334752e+01 -7.216915e+01 1.817558e+01 1.243874e+02 -9.391746e+01 4.569740e-01 6.389722e-01 1.114481e+00 0.000000e+00 0.000000e+00 
5.870000e+01 9.118760e+01 7.796622e+00 7.784047e+01  4.783380e+01  3.342813e+01 -7.225964e+01 1.805293e+01 1.243937e+02 -9.413202e+01 4.569760e-01 6.389588e-01 1.114482e+00 0.000000e+00 0.000000e+00 
5.880000e+01 9.118760e+01 7.763285e+00 7.783896e+01  4.792313e+01  3.350863e+01 -7.235021e+01 1.793286e+01 1.244004e+02 -9.433405e+01 4.569778e-01 6.389463e-01 1.114483e+00 0.000000e+00 0.000000e+00 
5.890000e+01 9.118760e+01 7.731958e+00 7.783754e+01  4.801241e+01  3.358903e+01 -7.244086e+01 1.781521e+01 1.244074e+02 -9.452534e+01 4.569795e-01 6.389346e-01 1.114483e+00 0.000000e+00 0.000000e+00 
5.900000e+01 9.118760e+01 7.702325e+00 7.783621e+01  4.810164e+01  3.366936e+01 -7.253157e+01 1.769982e+01 1.244147e+02 -9.470728e+01 4.569810e-01 6.389236e-01 1.114484e+00 0.000000e+00 0.000000e+00 
5.910000e+01 9.118760e+01 7.674106e+00 7.783495e+01  4.819082e+01  3.374963e+01 -7.262233e+01 1.758659e+01 1.244222e+02 -9.488098e+01 4.569824e-01 6.389131e-01 1.114484e+00 0.000000e+00 0.000000e+00 
5.920000e+01 9.118760e+01 7.647138e+00 7.783374e+01  4.827997e+01  3.382983e+01 -7.271315e+01 1.747537e+01 1.244299e+02 -9.504737e+01 4.569836e-01 6.389030e-01 1.114485e+00 0.000000e+00 0.000000e+00 
5.930000e+01 9.118760e+01 7.621200e+00 7.783259e+01  4.836909e+01  3.390999e+01 -7.280401e+01 1.736609e+01 1.244377e+02 -9.520720e+01 4.569848e-01 6.388934e-01 1.114485e+00 0.000000e+00 0.000000e+00 
5.940000e+01 9.118760e+01 7.596164e+00 7.783149e+01  4.845818e+01  3.399011e+01 -7.289492e+01 1.725864e+01 1.244458e+02 -9.536111e+01 4.569860e-01 6.388841e-01 1.114485e+00 0.000000e+00 0.000000e+00 
5.950000e+01 9.118760e+01 7.571988e+00 7.783042e+01  4.854724e+01  3.407019e+01 -7.298586e+01 1.715294e+01 1.244539e+02 -9.550964e+01 4.569870e-01 6.388752e-01 1.114486e+00 0.000000e+00 0.000000e+00 
5.960000e+01 9.118760e+01 7.548497e+00 7.782939e+01  4.863627e+01  3.415023e+01 -7.307685e+01 1.704890e+01 1.244622e+02 -9.565325e+01 4.569880e-01 6.388665e-01 1.114486e+00 0.000000e+00 0.000000e+00 
5.970000e+01 9.118760e+01 7.525732e+00 7.782840e+01  4.872529e+01  3.423024e+01 -7.316787e+01 1.694647e+01 1.244705e+02 -9.579235e+01 4.569889e-01 6.388581e-01 1.114487e+00 0.000000e+00 0.000000e+00 
5.980000e+01 9.118760e+01 7.503533e+00 7.782744e+01  4.881428e+01  3.431022e+01 -7.325893e+01 1.684556e+01 1.244790e+02 -9.592729e+01 4.569898e-01 6.388499e-01 1.114487e+00 0.000000e+00 0.000000e+00 
5.990000e+01 9.118760e+01 7.481916e+00 7.782650e+01  4.890325e+01  3.439017e+01 -7.335002e+01 1.674613e+01 1.244876e+02 -9.605836e+01 4.569907e-01 6.388420e-01 1.114487e+00 0.000000e+00 0.000000e+00 
6.000000e+01 9.118760e+01 7.460831e+00 7.782559e+01  4.899220e+01  3.447010e+01 -7.344114e+01 1.664811e+01 1.244962e+02 -9.618586e+01 4.569915e-01 6.388343e-01 1.114488e+00 0.000000e+00 0.000000e+00 




